model,series_id,total_cost,holding_cost,stockout_cost,ordering_cost,fill_rate,cycle_service_level,stockout_rate,average_on_hand,total_demand
point_gbdt_safety,FOODS_1_008_CA_1,2449.0929165095563,2449.0929165095563,0.0,0.0,1.0,1.0,0.0,31.3986271347379,25.0
point_gbdt_safety,FOODS_1_010_CA_3,2332.53415889648,2332.53415889648,0.0,0.0,1.0,1.0,0.0,29.904284088416414,44.0
point_gbdt_safety,FOODS_1_010_WI_3,2556.6380667297867,2556.6380667297867,0.0,0.0,1.0,1.0,0.0,32.777411111920344,55.0
point_gbdt_safety,FOODS_1_013_WI_1,2651.647069580823,2651.647069580823,0.0,0.0,1.0,1.0,0.0,33.99547525103619,125.0
point_gbdt_safety,FOODS_1_014_WI_3,2356.4629051190655,2356.4629051190655,0.0,0.0,1.0,1.0,0.0,30.211062886141864,87.0
point_gbdt_safety,FOODS_1_022_WI_3,2589.9824623975005,2589.9824623975005,0.0,0.0,1.0,1.0,0.0,33.20490336407052,1.0
point_gbdt_safety,FOODS_1_024_TX_1,2429.5205298005903,2429.5205298005903,0.0,0.0,1.0,1.0,0.0,31.147699100007568,53.0
point_gbdt_safety,FOODS_1_025_TX_1,2438.6395738978713,2438.6395738978713,0.0,0.0,1.0,1.0,0.0,31.26460992176758,44.0
point_gbdt_safety,FOODS_1_025_WI_1,2847.6250573229636,2847.6250573229636,0.0,0.0,1.0,1.0,0.0,36.50801355542261,33.0
point_gbdt_safety,FOODS_1_032_CA_2,2936.0345370766227,2681.008812581951,255.02572449467175,0.0,0.8654217812693025,0.8846153846153846,0.11538461538461539,34.37190785361476,379.0
point_gbdt_safety,FOODS_1_040_TX_1,2684.102342910489,2684.102342910489,0.0,0.0,1.0,1.0,0.0,34.411568498852425,41.0
point_gbdt_safety,FOODS_1_043_CA_3,22698.60264844221,22698.60264844221,0.0,0.0,1.0,1.0,0.0,291.00772626207964,42.0
point_gbdt_safety,FOODS_1_045_CA_3,3162.5018511429043,3162.5018511429043,0.0,0.0,1.0,1.0,0.0,40.54489552747313,133.0
point_gbdt_safety,FOODS_1_045_WI_2,2579.408374202559,2579.408374202559,0.0,0.0,1.0,1.0,0.0,33.06933813080204,108.0
point_gbdt_safety,FOODS_1_046_WI_3,3775.8238016437626,3681.0898562208617,94.73394542290094,0.0,0.9298267070941475,0.9230769230769231,0.07692307692307693,47.19345969513925,270.0
point_gbdt_safety,FOODS_1_047_TX_2,3141.0841312425296,3141.0841312425296,0.0,0.0,1.0,1.0,0.0,40.27030937490422,62.0
point_gbdt_safety,FOODS_1_054_CA_1,2081.0868416364337,2011.2683565845427,69.81848505189113,0.0,0.8957933058926998,0.9615384615384616,0.038461538461538464,25.78549175108388,134.0
point_gbdt_safety,FOODS_1_054_TX_3,2385.0066124041637,2385.0066124041637,0.0,0.0,1.0,1.0,0.0,30.57700785133543,35.0
point_gbdt_safety,FOODS_1_055_WI_2,3830.2329657883474,3716.476939517882,113.75602627046536,0.0,0.8327117260728452,0.9102564102564102,0.08974358974358974,47.647140250229256,136.0
point_gbdt_safety,FOODS_1_056_WI_1,3186.410731900902,3186.410731900902,0.0,0.0,1.0,1.0,0.0,40.85141963975516,1.0
point_gbdt_safety,FOODS_1_057_CA_2,3732.596657568087,3732.596657568087,0.0,0.0,1.0,1.0,0.0,47.85380330215496,3.0
point_gbdt_safety,FOODS_1_060_CA_4,2391.3599186717383,2391.3599186717383,0.0,0.0,1.0,1.0,0.0,30.658460495791516,39.0
point_gbdt_safety,FOODS_1_062_TX_2,2289.708299506472,2289.708299506472,0.0,0.0,1.0,1.0,0.0,29.355234609057334,47.0
point_gbdt_safety,FOODS_1_064_WI_3,2461.7750734250467,2461.7750734250467,0.0,0.0,1.0,1.0,0.0,31.5612188900647,18.0
point_gbdt_safety,FOODS_1_066_WI_1,2246.6063524767465,2243.218309558366,3.3880429183805916,0.0,0.9959666155733564,0.9871794871794872,0.01282051282051282,28.75920909690213,168.0
point_gbdt_safety,FOODS_1_069_CA_3,3085.901036026149,2928.896932538811,157.00410348733797,0.0,0.9030838867362112,0.9615384615384616,0.038461538461538464,37.5499606735745,324.0
point_gbdt_safety,FOODS_1_078_TX_2,2480.7576444972533,2480.7576444972533,0.0,0.0,1.0,1.0,0.0,31.804585185862223,43.0
point_gbdt_safety,FOODS_1_081_WI_1,2309.268403309605,2309.268403309605,0.0,0.0,1.0,1.0,0.0,29.606005170635964,67.0
point_gbdt_safety,FOODS_1_083_WI_3,3717.0080397614206,3717.0080397614206,0.0,0.0,1.0,1.0,0.0,47.65394922771052,92.0
point_gbdt_safety,FOODS_1_085_CA_4,2909.777345398939,2496.4899901457634,413.2873552531755,0.0,0.8805527874990823,0.7948717948717948,0.20512820512820512,32.00628192494568,692.0
point_gbdt_safety,FOODS_1_086_CA_2,2650.5783212406027,2650.5783212406027,0.0,0.0,1.0,1.0,0.0,33.981773349238495,195.0
point_gbdt_safety,FOODS_1_086_WI_2,2151.6261793019567,2026.6475437697945,124.97863553216206,0.0,0.9012026596583699,0.9102564102564102,0.08974358974358974,25.98266081756147,253.0
point_gbdt_safety,FOODS_1_089_CA_1,2470.1705817111056,2470.1705817111056,0.0,0.0,1.0,1.0,0.0,31.66885361168084,32.0
point_gbdt_safety,FOODS_1_091_TX_3,2881.841715027535,2881.841715027535,0.0,0.0,1.0,1.0,0.0,36.946688654199164,4.0
point_gbdt_safety,FOODS_1_094_WI_1,2197.843830013844,2197.843830013844,0.0,0.0,1.0,1.0,0.0,28.177485000177487,66.0
point_gbdt_safety,FOODS_1_098_CA_2,2480.867188999881,2480.867188999881,0.0,0.0,1.0,1.0,0.0,31.805989602562576,13.0
point_gbdt_safety,FOODS_1_098_TX_1,2126.889827877647,2126.889827877647,0.0,0.0,1.0,1.0,0.0,27.26781830612368,59.0
point_gbdt_safety,FOODS_1_099_CA_2,4210.412353016635,3596.3887612286626,614.0235917879728,0.0,0.8183362154473451,0.8076923076923077,0.19230769230769232,46.10754822088029,676.0
point_gbdt_safety,FOODS_1_099_TX_1,3955.6039134394873,3461.9562717831864,493.64764165630095,0.0,0.7519358584641704,0.782051282051282,0.21794871794871795,44.38405476645111,398.0
point_gbdt_safety,FOODS_1_101_CA_1,4664.031576657924,4664.031576657924,0.0,0.0,1.0,1.0,0.0,59.79527662381954,0.0
point_gbdt_safety,FOODS_1_102_TX_2,2213.927386079326,2213.927386079326,0.0,0.0,1.0,1.0,0.0,28.383684436914436,68.0
point_gbdt_safety,FOODS_1_106_CA_1,2310.4615729888556,2310.4615729888556,0.0,0.0,1.0,1.0,0.0,29.62130221780584,109.0
point_gbdt_safety,FOODS_1_107_TX_2,2562.2696425193885,2562.2696425193885,0.0,0.0,1.0,1.0,0.0,32.84961080153062,28.0
point_gbdt_safety,FOODS_1_111_WI_2,2423.627235381041,2423.627235381041,0.0,0.0,1.0,1.0,0.0,31.07214404334668,9.0
point_gbdt_safety,FOODS_1_119_WI_1,2197.3793811530945,2197.3793811530945,0.0,0.0,1.0,1.0,0.0,28.171530527603775,64.0
point_gbdt_safety,FOODS_1_122_WI_3,2189.0518013076253,2189.0518013076253,0.0,0.0,1.0,1.0,0.0,28.064766683431092,101.0
point_gbdt_safety,FOODS_1_131_CA_1,2231.8576056938814,2231.8576056938814,0.0,0.0,1.0,1.0,0.0,28.613559047357455,58.0
point_gbdt_safety,FOODS_1_132_WI_3,2131.7076463088633,2131.7076463088633,0.0,0.0,1.0,1.0,0.0,27.32958520908799,53.0
point_gbdt_safety,FOODS_1_134_CA_2,2170.4612148940755,2170.4612148940755,0.0,0.0,1.0,1.0,0.0,27.826425831975328,65.0
point_gbdt_safety,FOODS_1_139_TX_3,1714.6908874976348,1568.2751468846586,146.41574061297607,0.0,0.8425637197709935,0.8974358974358975,0.10256410256410256,20.106091626726393,186.0
point_gbdt_safety,FOODS_1_143_CA_1,2992.4906378829405,2896.2763227990627,96.21431508387768,0.0,0.8448156208324553,0.8974358974358975,0.10256410256410256,37.13174772819311,124.0
point_gbdt_safety,FOODS_1_143_WI_2,3087.348405148205,3087.348405148205,0.0,0.0,1.0,1.0,0.0,39.58138980959237,34.0
point_gbdt_safety,FOODS_1_147_TX_2,2340.0408706947533,2340.0408706947533,0.0,0.0,1.0,1.0,0.0,30.000523983266067,35.0
point_gbdt_safety,FOODS_1_149_CA_3,2508.938399823148,2508.938399823148,0.0,0.0,1.0,1.0,0.0,32.16587692080959,131.0
point_gbdt_safety,FOODS_1_156_TX_3,2291.349580076526,2291.349580076526,0.0,0.0,1.0,1.0,0.0,29.37627666764777,48.0
point_gbdt_safety,FOODS_1_159_CA_4,2915.9604867228386,2915.9604867228386,0.0,0.0,1.0,1.0,0.0,37.384108804138954,14.0
point_gbdt_safety,FOODS_1_161_CA_4,6429.357056853345,6216.670860670412,212.68619618293314,0.0,0.8632243111363774,0.8846153846153846,0.11538461538461539,79.7009084701335,311.0
point_gbdt_safety,FOODS_1_161_WI_3,3707.5677544399305,3464.5429414256964,243.02481301423398,0.0,0.9003996667974451,0.8846153846153846,0.11538461538461539,44.41721719776534,488.0
point_gbdt_safety,FOODS_1_168_WI_1,2392.179934396752,2392.179934396752,0.0,0.0,1.0,1.0,0.0,30.668973517907073,32.0
point_gbdt_safety,FOODS_1_174_TX_2,2356.7439060008896,2356.7439060008896,0.0,0.0,1.0,1.0,0.0,30.214665461549867,33.0
point_gbdt_safety,FOODS_1_175_CA_3,2787.2364115582186,2787.2364115582186,0.0,0.0,1.0,1.0,0.0,35.73380014818229,84.0
point_gbdt_safety,FOODS_1_183_CA_2,2711.68165183777,2711.68165183777,0.0,0.0,1.0,1.0,0.0,34.76514938253551,139.0
point_gbdt_safety,FOODS_1_183_CA_4,2279.8516239364467,2279.8516239364467,0.0,0.0,1.0,1.0,0.0,29.22886697354419,91.0
point_gbdt_safety,FOODS_1_185_WI_1,2368.198782051832,2368.198782051832,0.0,0.0,1.0,1.0,0.0,30.36152284681836,125.0
point_gbdt_safety,FOODS_1_191_TX_1,2152.8283959109785,2152.8283959109785,0.0,0.0,1.0,1.0,0.0,27.60036405014075,40.0
point_gbdt_safety,FOODS_1_192_CA_4,3392.6504544749328,3392.6504544749328,0.0,0.0,1.0,1.0,0.0,43.49551864711452,3.0
point_gbdt_safety,FOODS_1_203_WI_1,2795.180296994587,2795.180296994587,0.0,0.0,1.0,1.0,0.0,35.835644833263935,54.0
point_gbdt_safety,FOODS_1_207_CA_4,1875.8165365289183,1875.8165365289183,0.0,0.0,1.0,1.0,0.0,24.048929955498952,101.0
point_gbdt_safety,FOODS_1_208_WI_3,2262.5138528347334,2262.5138528347334,0.0,0.0,1.0,1.0,0.0,29.006587856855557,83.0
point_gbdt_safety,FOODS_1_209_CA_4,3049.1136711785934,3049.1136711785934,0.0,0.0,1.0,1.0,0.0,39.09120091254607,1.0
point_gbdt_safety,FOODS_1_214_TX_3,2763.2345755432816,2763.2345755432816,0.0,0.0,1.0,1.0,0.0,35.426084301836944,19.0
point_gbdt_safety,FOODS_1_215_CA_1,2295.0731975491326,2288.6895625673046,6.383634981828088,0.0,0.9882869082902236,0.9871794871794872,0.01282051282051282,29.342173879068007,109.0
point_gbdt_safety,FOODS_2_001_TX_1,2381.89176199327,2381.89176199327,0.0,0.0,1.0,1.0,0.0,30.53707387170859,85.0
point_gbdt_safety,FOODS_2_002_CA_3,2350.6768881159155,2350.6768881159155,0.0,0.0,1.0,1.0,0.0,30.136883180973275,90.0
point_gbdt_safety,FOODS_2_004_CA_1,2192.8615420772994,2192.8615420772994,0.0,0.0,1.0,1.0,0.0,28.113609513811532,108.0
point_gbdt_safety,FOODS_2_009_CA_1,2348.6709112761387,2348.6709112761387,0.0,0.0,1.0,1.0,0.0,30.111165529181264,77.0
point_gbdt_safety,FOODS_2_009_WI_1,2454.0061705258436,2450.5574807416215,3.4486897842220188,0.0,0.9952431865045214,0.9871794871794872,0.01282051282051282,31.417403599251557,145.0
point_gbdt_safety,FOODS_2_012_CA_3,2689.3646930088385,2689.3646930088385,0.0,0.0,1.0,1.0,0.0,34.47903452575434,28.0
point_gbdt_safety,FOODS_2_014_CA_3,2497.616937025067,2497.616937025067,0.0,0.0,1.0,1.0,0.0,32.02072996185983,98.0
point_gbdt_safety,FOODS_2_014_TX_1,2452.1843703762806,2452.1843703762806,0.0,0.0,1.0,1.0,0.0,31.438261158670265,29.0
point_gbdt_safety,FOODS_2_015_CA_1,2603.0980647782535,2603.0980647782535,0.0,0.0,1.0,1.0,0.0,33.373052112541714,61.0
point_gbdt_safety,FOODS_2_017_WI_1,2264.1267687357235,2264.1267687357235,0.0,0.0,1.0,1.0,0.0,29.02726626584261,45.0
point_gbdt_safety,FOODS_2_017_WI_3,2525.380885165861,2525.380885165861,0.0,0.0,1.0,1.0,0.0,32.37667801494693,2.0
point_gbdt_safety,FOODS_2_024_CA_4,2374.6074031371663,2374.6074031371663,0.0,0.0,1.0,1.0,0.0,30.443684655604695,64.0
point_gbdt_safety,FOODS_2_024_TX_2,2736.233388732729,2736.233388732729,0.0,0.0,1.0,1.0,0.0,35.079915240163196,37.0
point_gbdt_safety,FOODS_2_029_TX_3,3259.32769596588,3027.484520436842,231.84317552903792,0.0,0.8313867814334269,0.9230769230769231,0.07692307692307693,38.81390410816464,275.0
point_gbdt_safety,FOODS_2_031_TX_1,3700.4905758369136,3700.4905758369136,0.0,0.0,1.0,1.0,0.0,47.442186869704024,9.0
point_gbdt_safety,FOODS_2_034_WI_3,2636.997907329126,2636.997907329126,0.0,0.0,1.0,1.0,0.0,33.80766547857854,91.0
point_gbdt_safety,FOODS_2_043_TX_2,2373.401298820957,2373.401298820957,0.0,0.0,1.0,1.0,0.0,30.42822177975586,28.0
point_gbdt_safety,FOODS_2_045_TX_1,3619.639763382194,3619.639763382194,0.0,0.0,1.0,1.0,0.0,46.405637992079406,16.0
point_gbdt_safety,FOODS_2_046_CA_3,2554.7555603612523,2554.7555603612523,0.0,0.0,1.0,1.0,0.0,32.75327641488785,19.0
point_gbdt_safety,FOODS_2_047_CA_4,2305.848870139575,2305.848870139575,0.0,0.0,1.0,1.0,0.0,29.562165001789424,73.0
point_gbdt_safety,FOODS_2_047_WI_3,2486.6527989412352,2486.6527989412352,0.0,0.0,1.0,1.0,0.0,31.880164088990195,73.0
point_gbdt_safety,FOODS_2_051_WI_3,2212.388372356838,2212.388372356838,0.0,0.0,1.0,1.0,0.0,28.36395349175433,74.0
point_gbdt_safety,FOODS_2_055_TX_1,2323.220166349683,2323.220166349683,0.0,0.0,1.0,1.0,0.0,29.78487392756004,95.0
point_gbdt_safety,FOODS_2_067_CA_2,5018.560137704385,5018.560137704385,0.0,0.0,1.0,1.0,0.0,64.34051458595366,15.0
point_gbdt_safety,FOODS_2_067_WI_3,3202.305109954443,3202.305109954443,0.0,0.0,1.0,1.0,0.0,41.05519371736466,0.0
point_gbdt_safety,FOODS_2_082_TX_3,2508.605050922121,2508.605050922121,0.0,0.0,1.0,1.0,0.0,32.16160321695027,202.0
point_gbdt_safety,FOODS_2_084_WI_1,2389.6774937526416,2389.6774937526416,0.0,0.0,1.0,1.0,0.0,30.636890945546686,70.0
point_gbdt_safety,FOODS_2_085_TX_2,2276.6123830458587,2276.6123830458587,0.0,0.0,1.0,1.0,0.0,29.187338244177674,37.0
point_gbdt_safety,FOODS_2_087_WI_3,2858.593029523363,2858.593029523363,0.0,0.0,1.0,1.0,0.0,36.648628583632856,18.0
point_gbdt_safety,FOODS_2_100_WI_3,2065.7542463536715,2049.0256013267976,16.72864502687407,0.0,0.9757555869175739,0.9743589743589743,0.02564102564102564,26.269558991369202,138.0
point_gbdt_safety,FOODS_2_101_WI_1,2386.8131220523464,2386.8131220523464,0.0,0.0,1.0,1.0,0.0,30.60016823144034,94.0
point_gbdt_safety,FOODS_2_104_CA_2,2379.9736489305637,2379.9736489305637,0.0,0.0,1.0,1.0,0.0,30.51248267859697,65.0
point_gbdt_safety,FOODS_2_105_TX_3,2526.8055292559575,2526.8055292559575,0.0,0.0,1.0,1.0,0.0,32.394942682768686,53.0
point_gbdt_safety,FOODS_2_107_CA_1,2432.534701667794,2432.534701667794,0.0,0.0,1.0,1.0,0.0,31.18634232907428,83.0
point_gbdt_safety,FOODS_2_107_CA_3,2827.7294626954445,2781.5523196766153,46.177143018828986,0.0,0.9223913562708757,0.9230769230769231,0.07692307692307693,35.66092717534122,119.0
point_gbdt_safety,FOODS_2_108_TX_1,2347.315253352277,2347.315253352277,0.0,0.0,1.0,1.0,0.0,30.093785299388166,42.0
point_gbdt_safety,FOODS_2_108_WI_2,2357.6435489108358,2357.6435489108358,0.0,0.0,1.0,1.0,0.0,30.226199345010716,138.0
point_gbdt_safety,FOODS_2_116_TX_3,2655.373984070974,2655.373984070974,0.0,0.0,1.0,1.0,0.0,34.04325620603813,76.0
point_gbdt_safety,FOODS_2_117_WI_2,3904.0739659339715,3877.090709113778,26.983256820193873,0.0,0.9760148828264943,0.9743589743589743,0.02564102564102564,49.70629114248433,225.0
point_gbdt_safety,FOODS_2_118_CA_2,2170.001672161258,2170.001672161258,0.0,0.0,1.0,1.0,0.0,27.820534258477664,39.0
point_gbdt_safety,FOODS_2_118_CA_4,2010.7533822793102,2010.7533822793102,0.0,0.0,1.0,1.0,0.0,25.778889516401414,52.0
point_gbdt_safety,FOODS_2_124_CA_4,2484.759045439043,2484.759045439043,0.0,0.0,1.0,1.0,0.0,31.85588519793645,21.0
point_gbdt_safety,FOODS_2_124_WI_2,2493.4446954007353,2493.4446954007353,0.0,0.0,1.0,1.0,0.0,31.96723968462481,18.0
point_gbdt_safety,FOODS_2_128_TX_3,13119.000000000004,12766.981600801268,352.0183991987359,0.0,0.7873000609071082,0.8717948717948718,0.1282051282051282,163.67925129232395,331.0
point_gbdt_safety,FOODS_2_129_TX_2,2826.9024941389466,2826.9024941389466,0.0,0.0,1.0,1.0,0.0,36.24233966844803,16.0
point_gbdt_safety,FOODS_2_130_WI_2,2314.6361305604005,2314.6361305604005,0.0,0.0,1.0,1.0,0.0,29.6748221866718,218.0
point_gbdt_safety,FOODS_2_132_TX_2,2418.292459960788,2418.292459960788,0.0,0.0,1.0,1.0,0.0,31.00374948667677,0.0
point_gbdt_safety,FOODS_2_133_TX_2,2140.661535597499,2140.661535597499,0.0,0.0,1.0,1.0,0.0,27.4443786615064,53.0
point_gbdt_safety,FOODS_2_133_TX_3,1930.0636535304857,1930.0636535304857,0.0,0.0,1.0,1.0,0.0,24.744405814493405,60.0
point_gbdt_safety,FOODS_2_141_CA_3,2534.3166587048922,2534.3166587048922,0.0,0.0,1.0,1.0,0.0,32.49123921416528,132.0
point_gbdt_safety,FOODS_2_146_WI_1,2285.5949268786508,2285.5949268786508,0.0,0.0,1.0,1.0,0.0,29.302499062546804,116.0
point_gbdt_safety,FOODS_2_148_CA_2,2253.6056580663935,2253.6056580663935,0.0,0.0,1.0,1.0,0.0,28.89238023162043,58.0
point_gbdt_safety,FOODS_2_149_TX_1,2583.8864750981916,2529.52686308748,54.35961201071166,0.0,0.9576967999916641,0.9743589743589743,0.02564102564102564,32.42983157804461,257.0
point_gbdt_safety,FOODS_2_155_CA_4,3017.829345377983,3017.829345377983,0.0,0.0,1.0,1.0,0.0,38.69011981253824,10.0
point_gbdt_safety,FOODS_2_159_CA_1,2341.8183812737807,2341.8183812737807,0.0,0.0,1.0,1.0,0.0,30.023312580433085,30.0
point_gbdt_safety,FOODS_2_163_TX_3,2212.7367178053573,2212.7367178053573,0.0,0.0,1.0,1.0,0.0,28.368419459043043,74.0
point_gbdt_safety,FOODS_2_165_CA_4,2309.0405553532305,2309.0405553532305,0.0,0.0,1.0,1.0,0.0,29.603084042990133,10.0
point_gbdt_safety,FOODS_2_165_TX_1,2300.0750659360956,2300.0750659360956,0.0,0.0,1.0,1.0,0.0,29.488141870975586,4.0
point_gbdt_safety,FOODS_2_166_TX_2,3857.724335490282,3857.724335490282,0.0,0.0,1.0,1.0,0.0,49.458004301157466,11.0
point_gbdt_safety,FOODS_2_169_TX_3,2347.525228337261,2347.525228337261,0.0,0.0,1.0,1.0,0.0,30.09647728637514,15.0
point_gbdt_safety,FOODS_2_172_CA_2,1993.2662819114496,1993.2662819114496,0.0,0.0,1.0,1.0,0.0,25.55469592194166,102.0
point_gbdt_safety,FOODS_2_176_WI_3,2529.1794491238556,2529.1794491238556,0.0,0.0,1.0,1.0,0.0,32.425377552869946,16.0
point_gbdt_safety,FOODS_2_177_WI_1,2523.3850221687603,2523.3850221687603,0.0,0.0,1.0,1.0,0.0,32.35109002780462,47.0
point_gbdt_safety,FOODS_2_182_TX_3,2413.7166196173125,2413.7166196173125,0.0,0.0,1.0,1.0,0.0,30.94508486688862,31.0
point_gbdt_safety,FOODS_2_183_CA_4,2397.531556872387,2336.936857346669,60.5946995257176,0.0,0.9463763721011349,0.9358974358974359,0.0641025641025641,29.960728940341912,226.0
point_gbdt_safety,FOODS_2_186_TX_1,2203.9311084234705,2203.9311084234705,0.0,0.0,1.0,1.0,0.0,28.255527031070134,38.0
point_gbdt_safety,FOODS_2_187_CA_1,2237.0746117657604,2237.0746117657604,0.0,0.0,1.0,1.0,0.0,28.68044374058667,48.0
point_gbdt_safety,FOODS_2_192_CA_2,2726.713070830968,2726.713070830968,0.0,0.0,1.0,1.0,0.0,34.957859882448304,116.0
point_gbdt_safety,FOODS_2_192_TX_1,2800.936900477269,2800.936900477269,0.0,0.0,1.0,1.0,0.0,35.909447442016265,20.0
point_gbdt_safety,FOODS_2_198_CA_4,2449.2537451238713,2449.2537451238713,0.0,0.0,1.0,1.0,0.0,31.40068904004963,20.0
point_gbdt_safety,FOODS_2_200_TX_1,2607.9680704359052,2607.9680704359052,0.0,0.0,1.0,1.0,0.0,33.435488082511604,30.0
point_gbdt_safety,FOODS_2_201_WI_3,2187.02396228042,2187.02396228042,0.0,0.0,1.0,1.0,0.0,28.038768747184875,124.0
point_gbdt_safety,FOODS_2_202_WI_3,2300.5497731790665,2300.5497731790665,0.0,0.0,1.0,1.0,0.0,29.494227861270083,55.0
point_gbdt_safety,FOODS_2_204_CA_4,2719.018089098196,2719.018089098196,0.0,0.0,1.0,1.0,0.0,34.85920627048969,168.0
point_gbdt_safety,FOODS_2_206_CA_3,3152.0117448626806,3152.0117448626806,0.0,0.0,1.0,1.0,0.0,40.41040698541898,180.0
point_gbdt_safety,FOODS_2_207_CA_3,2750.349820181893,2750.349820181893,0.0,0.0,1.0,1.0,0.0,35.26089513053709,13.0
point_gbdt_safety,FOODS_2_208_TX_1,2729.482039004274,2729.482039004274,0.0,0.0,1.0,1.0,0.0,34.99335947441377,132.0
point_gbdt_safety,FOODS_2_212_CA_2,2558.617139005178,2558.617139005178,0.0,0.0,1.0,1.0,0.0,32.80278383339972,113.0
point_gbdt_safety,FOODS_2_214_CA_3,2754.6606726062532,2754.6606726062532,0.0,0.0,1.0,1.0,0.0,35.31616246931094,36.0
point_gbdt_safety,FOODS_2_218_CA_4,2278.4966207634043,2278.4966207634043,0.0,0.0,1.0,1.0,0.0,29.21149513799236,49.0
point_gbdt_safety,FOODS_2_219_TX_1,2265.0815023969885,2265.0815023969885,0.0,0.0,1.0,1.0,0.0,29.039506440987033,38.0
point_gbdt_safety,FOODS_2_224_TX_2,2193.328311969628,2193.328311969628,0.0,0.0,1.0,1.0,0.0,28.119593743200358,53.0
point_gbdt_safety,FOODS_2_231_CA_1,2719.2825092458456,2719.2825092458456,0.0,0.0,1.0,1.0,0.0,34.86259627238264,40.0
point_gbdt_safety,FOODS_2_234_WI_3,2379.4937723551484,2379.4937723551484,0.0,0.0,1.0,1.0,0.0,30.506330414809593,16.0
point_gbdt_safety,FOODS_2_235_CA_2,2465.4170067742416,2465.4170067742416,0.0,0.0,1.0,1.0,0.0,31.60791034325951,85.0
point_gbdt_safety,FOODS_2_241_CA_3,3608.322600056197,2956.2896858843415,652.0329141718555,0.0,0.8386057143138971,0.8333333333333334,0.16666666666666666,37.90114981903002,808.0
point_gbdt_safety,FOODS_2_241_WI_3,3282.451150335327,3228.5875942769508,53.863556058375934,0.0,0.9606835357238132,0.9615384615384616,0.038461538461538464,41.392148644576295,274.0
point_gbdt_safety,FOODS_2_242_CA_3,3205.1424665669724,3205.1424665669724,0.0,0.0,1.0,1.0,0.0,41.09157008419196,115.0
point_gbdt_safety,FOODS_2_242_WI_1,2579.424083865131,2469.1378112724165,110.28627259271434,0.0,0.8725014189679603,0.9230769230769231,0.07692307692307693,31.65561296503098,173.0
point_gbdt_safety,FOODS_2_250_WI_2,2779.4328258171913,2779.4328258171913,0.0,0.0,1.0,1.0,0.0,35.63375417714348,59.0
point_gbdt_safety,FOODS_2_253_CA_1,2138.857396653262,2138.857396653262,0.0,0.0,1.0,1.0,0.0,27.421248675041824,94.0
point_gbdt_safety,FOODS_2_254_TX_3,2361.114658600647,2361.114658600647,0.0,0.0,1.0,1.0,0.0,30.27070075129035,51.0
point_gbdt_safety,FOODS_2_254_WI_1,2141.761882407777,2141.761882407777,0.0,0.0,1.0,1.0,0.0,27.45848567189458,27.0
point_gbdt_safety,FOODS_2_255_TX_2,8634.40000000007,8634.40000000007,0.0,0.0,1.0,1.0,0.0,110.6974358974368,62.0
point_gbdt_safety,FOODS_2_261_WI_2,2573.904583854074,2573.904583854074,0.0,0.0,1.0,1.0,0.0,32.99877671607788,89.0
point_gbdt_safety,FOODS_2_270_CA_3,2730.256242945781,2730.256242945781,0.0,0.0,1.0,1.0,0.0,35.003285165971555,18.0
point_gbdt_safety,FOODS_2_270_WI_2,2070.3278174950683,2070.3278174950683,0.0,0.0,1.0,1.0,0.0,26.54266432685985,35.0
point_gbdt_safety,FOODS_2_271_WI_2,2286.5600893953397,2286.5600893953397,0.0,0.0,1.0,1.0,0.0,29.314872940965895,13.0
point_gbdt_safety,FOODS_2_273_TX_3,2319.7644490271705,2319.7644490271705,0.0,0.0,1.0,1.0,0.0,29.740569859322697,16.0
point_gbdt_safety,FOODS_2_274_CA_3,3639.936472871798,3639.936472871798,0.0,0.0,1.0,1.0,0.0,46.6658522163051,253.0
point_gbdt_safety,FOODS_2_274_TX_2,3667.37435038611,3667.37435038611,0.0,0.0,1.0,1.0,0.0,47.017619876745,136.0
point_gbdt_safety,FOODS_2_278_CA_4,2307.9087544141275,2307.9087544141275,0.0,0.0,1.0,1.0,0.0,29.588573774540098,60.0
point_gbdt_safety,FOODS_2_284_TX_3,2462.7996436397866,2462.7996436397866,0.0,0.0,1.0,1.0,0.0,31.57435440563829,25.0
point_gbdt_safety,FOODS_2_284_WI_2,2214.2075331560786,2214.2075331560786,0.0,0.0,1.0,1.0,0.0,28.38727606610357,53.0
point_gbdt_safety,FOODS_2_290_WI_1,2294.494516362581,2294.494516362581,0.0,0.0,1.0,1.0,0.0,29.416596363622837,140.0
point_gbdt_safety,FOODS_2_298_TX_2,3634.3908661413807,3634.3908661413807,0.0,0.0,1.0,1.0,0.0,46.59475469412026,41.0
point_gbdt_safety,FOODS_2_306_TX_1,2337.982535899939,2337.982535899939,0.0,0.0,1.0,1.0,0.0,29.974135075640245,48.0
point_gbdt_safety,FOODS_2_309_TX_2,2261.5233343708546,2261.5233343708546,0.0,0.0,1.0,1.0,0.0,28.993888902190445,56.0
point_gbdt_safety,FOODS_2_311_WI_3,2318.5495557821314,2318.5495557821314,0.0,0.0,1.0,1.0,0.0,29.72499430489912,91.0
point_gbdt_safety,FOODS_2_312_CA_1,2479.217910059694,2479.217910059694,0.0,0.0,1.0,1.0,0.0,31.78484500076531,31.0
point_gbdt_safety,FOODS_2_312_TX_2,2428.0602073591576,2428.0602073591576,0.0,0.0,1.0,1.0,0.0,31.128977017425097,71.0
point_gbdt_safety,FOODS_2_313_CA_4,2812.548616457522,2812.548616457522,0.0,0.0,1.0,1.0,0.0,36.05831559560925,2.0
point_gbdt_safety,FOODS_2_321_WI_1,2069.0842162240424,2069.0842162240424,0.0,0.0,1.0,1.0,0.0,26.526720720821057,68.0
point_gbdt_safety,FOODS_2_325_WI_3,3473.7694060639765,3008.5148076320083,465.25459843196825,0.0,0.8186141916444569,0.8333333333333334,0.16666666666666666,38.57070266194882,513.0
point_gbdt_safety,FOODS_2_326_WI_1,3172.245476541524,2949.9689443526477,222.27653218887667,0.0,0.9141789451008199,0.8974358974358975,0.10256410256410256,37.82011467118779,518.0
point_gbdt_safety,FOODS_2_329_TX_3,2371.5771437535004,2371.5771437535004,0.0,0.0,1.0,1.0,0.0,30.40483517632693,19.0
point_gbdt_safety,FOODS_2_332_TX_2,2449.7942273921435,2449.7942273921435,0.0,0.0,1.0,1.0,0.0,31.407618299899276,46.0
point_gbdt_safety,FOODS_2_332_WI_1,2264.779628237286,2264.779628237286,0.0,0.0,1.0,1.0,0.0,29.035636259452385,37.0
point_gbdt_safety,FOODS_2_338_TX_3,2378.9034695385317,2378.9034695385317,0.0,0.0,1.0,1.0,0.0,30.498762429981177,120.0
point_gbdt_safety,FOODS_2_340_WI_2,2633.6762118264287,2633.6762118264287,0.0,0.0,1.0,1.0,0.0,33.765079638800366,92.0
point_gbdt_safety,FOODS_2_342_CA_3,3347.629417262943,3228.6452479090844,118.98416935385896,0.0,0.9436093984104933,0.9102564102564102,0.08974358974358974,41.39288779370621,422.0
point_gbdt_safety,FOODS_2_347_WI_3,5795.689700883608,4876.597473874484,919.0922270091233,0.0,0.7256441113405603,0.7564102564102564,0.24358974358974358,62.52048043428826,670.0
point_gbdt_safety,FOODS_2_350_WI_2,2861.5270823726573,2861.5270823726573,0.0,0.0,1.0,1.0,0.0,36.6862446458033,29.0
point_gbdt_safety,FOODS_2_351_CA_1,2248.5513425580293,2248.5513425580293,0.0,0.0,1.0,1.0,0.0,28.82758131484653,52.0
point_gbdt_safety,FOODS_2_354_CA_4,2550.148370435507,2550.148370435507,0.0,0.0,1.0,1.0,0.0,32.69420987737829,19.0
point_gbdt_safety,FOODS_2_355_WI_2,2370.753587234314,2370.753587234314,0.0,0.0,1.0,1.0,0.0,30.394276759414286,153.0
point_gbdt_safety,FOODS_2_356_CA_2,2395.018724556061,2395.018724556061,0.0,0.0,1.0,1.0,0.0,30.705368263539242,136.0
point_gbdt_safety,FOODS_2_370_CA_2,2427.883607055415,2427.883607055415,0.0,0.0,1.0,1.0,0.0,31.126712910966855,47.0
point_gbdt_safety,FOODS_2_370_CA_3,2761.2533850859027,2761.2533850859027,0.0,0.0,1.0,1.0,0.0,35.40068442417824,36.0
point_gbdt_safety,FOODS_2_371_WI_3,5186.730400696724,5186.730400696724,0.0,0.0,1.0,1.0,0.0,66.49654359867596,628.0
point_gbdt_safety,FOODS_2_376_TX_1,2399.4666146718923,2399.4666146718923,0.0,0.0,1.0,1.0,0.0,30.76239249579349,47.0
point_gbdt_safety,FOODS_2_386_CA_2,2389.477952703322,2389.477952703322,0.0,0.0,1.0,1.0,0.0,30.634332726965667,49.0
point_gbdt_safety,FOODS_2_387_WI_2,2380.2800426637477,2380.2800426637477,0.0,0.0,1.0,1.0,0.0,30.51641080338138,111.0
point_gbdt_safety,FOODS_2_389_TX_2,3992.5851755363224,3992.5851755363224,0.0,0.0,1.0,1.0,0.0,51.18698942995285,3.0
point_gbdt_safety,FOODS_2_390_CA_4,4045.612272766722,4045.612272766722,0.0,0.0,1.0,1.0,0.0,51.86682400982977,4.0
point_gbdt_safety,FOODS_2_399_TX_2,2541.0577054365945,2541.0577054365945,0.0,0.0,1.0,1.0,0.0,32.57766289021275,108.0
point_gbdt_safety,FOODS_3_003_WI_3,2128.3522255391913,2128.3522255391913,0.0,0.0,1.0,1.0,0.0,27.286566994092198,34.0
point_gbdt_safety,FOODS_3_009_CA_4,2271.7735213777705,2271.7735213777705,0.0,0.0,1.0,1.0,0.0,29.12530155612526,48.0
point_gbdt_safety,FOODS_3_009_TX_2,2681.141323510774,2681.141323510774,0.0,0.0,1.0,1.0,0.0,34.37360671167659,76.0
point_gbdt_safety,FOODS_3_011_CA_1,2052.9110511576255,1993.8797905766169,59.031260581008524,0.0,0.9486684690599926,0.9615384615384616,0.038461538461538464,25.562561417648933,230.0
point_gbdt_safety,FOODS_3_014_CA_1,2918.7902184151612,2918.7902184151612,0.0,0.0,1.0,1.0,0.0,37.42038741557899,2.0
point_gbdt_safety,FOODS_3_019_TX_2,2572.4072138927772,2572.4072138927772,0.0,0.0,1.0,1.0,0.0,32.979579665292015,48.0
point_gbdt_safety,FOODS_3_022_CA_1,2421.94022929187,2421.94022929187,0.0,0.0,1.0,1.0,0.0,31.050515760152177,29.0
point_gbdt_safety,FOODS_3_023_TX_1,2290.8873081850893,2290.8873081850893,0.0,0.0,1.0,1.0,0.0,29.370350104937042,84.0
point_gbdt_safety,FOODS_3_023_TX_3,2255.9017936047558,2255.9017936047558,0.0,0.0,1.0,1.0,0.0,28.92181786672764,60.0
point_gbdt_safety,FOODS_3_023_WI_2,2265.3316916046165,2265.3316916046165,0.0,0.0,1.0,1.0,0.0,29.04271399493098,53.0
point_gbdt_safety,FOODS_3_024_TX_3,4701.469570126276,4701.469570126276,0.0,0.0,1.0,1.0,0.0,60.275250899054825,195.0
point_gbdt_safety,FOODS_3_024_WI_1,7270.0,7270.0,0.0,0.0,1.0,1.0,0.0,93.2051282051282,75.0
point_gbdt_safety,FOODS_3_026_CA_1,2433.2316035996864,2433.2316035996864,0.0,0.0,1.0,1.0,0.0,31.19527696922675,172.0
point_gbdt_safety,FOODS_3_030_TX_3,8405.290498914128,6111.339239178839,2293.9512597352896,0.0,0.7259317491355689,0.717948717948718,0.28205128205128205,78.35050306639538,1674.0
point_gbdt_safety,FOODS_3_034_CA_1,2197.518244809177,2197.518244809177,0.0,0.0,1.0,1.0,0.0,28.173310830886884,143.0
point_gbdt_safety,FOODS_3_035_WI_1,2521.2542556558587,2521.2542556558587,0.0,0.0,1.0,1.0,0.0,32.323772508408446,61.0
point_gbdt_safety,FOODS_3_036_CA_4,2779.6096308504807,2779.6096308504807,0.0,0.0,1.0,1.0,0.0,35.636020908339496,9.0
point_gbdt_safety,FOODS_3_038_CA_4,2345.7836304287266,2345.7836304287266,0.0,0.0,1.0,1.0,0.0,30.0741491080606,69.0
point_gbdt_safety,FOODS_3_038_WI_1,2367.1554546729685,2367.1554546729685,0.0,0.0,1.0,1.0,0.0,30.348146854781646,72.0
point_gbdt_safety,FOODS_3_040_WI_1,1664.3993662463058,1649.534384390555,14.864981855750727,0.0,0.9669667069872206,0.9743589743589743,0.02564102564102564,21.147876722955832,90.0
point_gbdt_safety,FOODS_3_048_TX_1,3081.7279877148862,3081.7279877148862,0.0,0.0,1.0,1.0,0.0,39.50933317583188,64.0
point_gbdt_safety,FOODS_3_048_TX_3,2728.9075452505335,2728.9075452505335,0.0,0.0,1.0,1.0,0.0,34.98599416987864,109.0
point_gbdt_safety,FOODS_3_049_TX_1,2495.127973689567,2495.127973689567,0.0,0.0,1.0,1.0,0.0,31.98882017550727,28.0
point_gbdt_safety,FOODS_3_050_CA_2,2359.9546815724943,2359.9546815724943,0.0,0.0,1.0,1.0,0.0,30.255829250929416,67.0
point_gbdt_safety,FOODS_3_053_CA_4,2320.337464834075,2320.337464834075,0.0,0.0,1.0,1.0,0.0,29.747916215821476,89.0
point_gbdt_safety,FOODS_3_054_WI_3,2548.787361759435,2548.787361759435,0.0,0.0,1.0,1.0,0.0,32.67676104819788,0.0
point_gbdt_safety,FOODS_3_057_WI_3,2433.6655021278607,2433.6655021278607,0.0,0.0,1.0,1.0,0.0,31.200839770870008,20.0
point_gbdt_safety,FOODS_3_066_CA_4,2461.8243815006385,2281.5582445754217,180.26613692521698,0.0,0.870312131708477,0.8974358974358975,0.10256410256410256,29.250746725325918,278.0
point_gbdt_safety,FOODS_3_066_TX_3,2142.140170237933,2044.5528940776762,97.5872761602568,0.0,0.923159625070664,0.9358974358974359,0.0641025641025641,26.212216590739438,254.0
point_gbdt_safety,FOODS_3_067_CA_4,2281.5962656363267,2281.5962656363267,0.0,0.0,1.0,1.0,0.0,29.251234174824702,87.0
point_gbdt_safety,FOODS_3_072_WI_3,2198.782971590887,2198.782971590887,0.0,0.0,1.0,1.0,0.0,28.189525276806243,36.0
point_gbdt_safety,FOODS_3_074_CA_2,2234.3466195220594,2234.3466195220594,0.0,0.0,1.0,1.0,0.0,28.645469481052043,183.0
point_gbdt_safety,FOODS_3_091_TX_1,2129.7685661129217,2129.7685661129217,0.0,0.0,1.0,1.0,0.0,27.30472520657592,46.0
point_gbdt_safety,FOODS_3_091_WI_1,2252.0543069293344,2252.0543069293344,0.0,0.0,1.0,1.0,0.0,28.872491114478645,29.0
point_gbdt_safety,FOODS_3_094_TX_2,2834.064911776116,2834.064911776116,0.0,0.0,1.0,1.0,0.0,36.33416553559123,99.0
point_gbdt_safety,FOODS_3_101_WI_3,1882.9568426184815,1813.3190471360886,69.63779548239302,0.0,0.9499008665594295,0.9487179487179487,0.05128205128205128,23.247680091488316,278.0
point_gbdt_safety,FOODS_3_102_WI_2,2401.0868124637723,2401.0868124637723,0.0,0.0,1.0,1.0,0.0,30.783164262356056,110.0
point_gbdt_safety,FOODS_3_103_TX_1,2383.870895971407,2383.870895971407,0.0,0.0,1.0,1.0,0.0,30.56244738424881,23.0
point_gbdt_safety,FOODS_3_103_WI_1,2344.7098833632194,2344.7098833632194,0.0,0.0,1.0,1.0,0.0,30.060383120041276,137.0
point_gbdt_safety,FOODS_3_110_WI_1,2829.25842253028,2829.25842253028,0.0,0.0,1.0,1.0,0.0,36.27254387859333,24.0
point_gbdt_safety,FOODS_3_111_TX_1,2338.4664129813013,2338.4664129813013,0.0,0.0,1.0,1.0,0.0,29.980338627965402,18.0
point_gbdt_safety,FOODS_3_111_WI_1,2364.6906228048038,2364.6906228048038,0.0,0.0,1.0,1.0,0.0,30.316546446215433,32.0
point_gbdt_safety,FOODS_3_117_CA_4,2131.4025584492297,2131.4025584492297,0.0,0.0,1.0,1.0,0.0,27.325673826272176,78.0
point_gbdt_safety,FOODS_3_120_TX_1,7760.859250424507,6050.319073326814,1710.5401770976932,0.0,0.6364420452502246,0.717948717948718,0.28205128205128205,77.56819324777966,941.0
point_gbdt_safety,FOODS_3_125_CA_1,2787.338312023807,2787.338312023807,0.0,0.0,1.0,1.0,0.0,35.73510656440778,48.0
point_gbdt_safety,FOODS_3_126_WI_1,2902.31387525351,2902.31387525351,0.0,0.0,1.0,1.0,0.0,37.20915224683987,125.0
point_gbdt_safety,FOODS_3_133_CA_1,3047.889814867045,2428.30640132884,619.5834135382053,0.0,0.7826023110392263,0.717948717948718,0.28205128205128205,31.13213335036974,570.0
point_gbdt_safety,FOODS_3_133_CA_2,2036.4071160502517,1614.6351203146783,421.77199573557334,0.0,0.8137871983507402,0.7948717948717948,0.20512820512820512,20.700450260444594,453.0
point_gbdt_safety,FOODS_3_133_TX_1,3314.8593537482893,3281.7683999650326,33.09095378325665,0.0,0.9670736778276053,0.9743589743589743,0.02564102564102564,42.073953845705546,201.0
point_gbdt_safety,FOODS_3_134_TX_1,2942.617537831694,2807.358620247055,135.2589175846387,0.0,0.919488739532953,0.9230769230769231,0.07692307692307693,35.99177718265455,336.0
point_gbdt_safety,FOODS_3_136_CA_1,2021.4245762406972,1820.4851910860573,200.93938515463998,0.0,0.8916768813182534,0.8589743589743589,0.14102564102564102,23.33955373187253,371.0
point_gbdt_safety,FOODS_3_138_WI_3,2017.7382554736237,2006.6719128134137,11.066342660210111,0.0,0.9867468950177124,0.9871794871794872,0.01282051282051282,25.726562984787353,167.0
point_gbdt_safety,FOODS_3_141_TX_3,2327.6626478164844,2327.6626478164844,0.0,0.0,1.0,1.0,0.0,29.841828818160057,22.0
point_gbdt_safety,FOODS_3_154_CA_1,2363.0159227810036,2363.0159227810036,0.0,0.0,1.0,1.0,0.0,30.29507593308979,30.0
point_gbdt_safety,FOODS_3_155_TX_1,2340.396641773325,2340.396641773325,0.0,0.0,1.0,1.0,0.0,30.005085150940065,18.0
point_gbdt_safety,FOODS_3_157_CA_2,2813.3808059949915,2813.3808059949915,0.0,0.0,1.0,1.0,0.0,36.06898469224348,60.0
point_gbdt_safety,FOODS_3_158_WI_3,2285.9092497777556,2285.9092497777556,0.0,0.0,1.0,1.0,0.0,29.30652884330456,29.0
point_gbdt_safety,FOODS_3_160_CA_1,2103.6977048193457,2076.429422559878,27.26828225946795,0.0,0.8485095430029559,0.9615384615384616,0.038461538461538464,26.620890032818945,36.0
point_gbdt_safety,FOODS_3_160_TX_1,2241.5812506295356,2241.5812506295356,0.0,0.0,1.0,1.0,0.0,28.738221161917124,0.0
point_gbdt_safety,FOODS_3_160_WI_2,2122.1402987953675,2122.1402987953675,0.0,0.0,1.0,1.0,0.0,27.206926907632916,13.0
point_gbdt_safety,FOODS_3_161_WI_1,2608.666504804774,2608.666504804774,0.0,0.0,1.0,1.0,0.0,33.44444236929197,19.0
point_gbdt_safety,FOODS_3_162_WI_2,2449.871460860797,2449.871460860797,0.0,0.0,1.0,1.0,0.0,31.408608472574322,61.0
point_gbdt_safety,FOODS_3_163_TX_2,2086.3330555856714,2086.3330555856714,0.0,0.0,1.0,1.0,0.0,26.74785968699579,87.0
point_gbdt_safety,FOODS_3_169_TX_3,2695.459829678381,2695.459829678381,0.0,0.0,1.0,1.0,0.0,34.55717730356899,154.0
point_gbdt_safety,FOODS_3_171_WI_2,2394.45959584791,2394.45959584791,0.0,0.0,1.0,1.0,0.0,30.698199946768074,15.0
point_gbdt_safety,FOODS_3_172_CA_3,3063.3105582497196,3063.3105582497196,0.0,0.0,1.0,1.0,0.0,39.27321228525282,166.0
point_gbdt_safety,FOODS_3_172_TX_3,3209.6460389075705,3209.6460389075705,0.0,0.0,1.0,1.0,0.0,41.1493081911227,116.0
point_gbdt_safety,FOODS_3_176_WI_3,2254.0690073784053,2254.0690073784053,0.0,0.0,1.0,1.0,0.0,28.898320607415453,45.0
point_gbdt_safety,FOODS_3_178_WI_2,2290.515619163882,2290.515619163882,0.0,0.0,1.0,1.0,0.0,29.365584861075412,117.0
point_gbdt_safety,FOODS_3_180_WI_1,2284.7434248291884,2284.7434248291884,0.0,0.0,1.0,1.0,0.0,29.291582369604978,61.0
point_gbdt_safety,FOODS_3_184_WI_3,2456.3983853151694,2395.970923579395,60.427461735774415,0.0,0.805072704078147,0.8846153846153846,0.11538461538461539,30.717575943325574,62.0
point_gbdt_safety,FOODS_3_192_TX_2,2462.9144855867744,2462.9144855867744,0.0,0.0,1.0,1.0,0.0,31.57582673829198,128.0
point_gbdt_safety,FOODS_3_197_WI_1,2546.0059483612063,2546.0059483612063,0.0,0.0,1.0,1.0,0.0,32.641101902066744,32.0
point_gbdt_safety,FOODS_3_198_TX_2,2960.312946194941,2960.312946194941,0.0,0.0,1.0,1.0,0.0,37.952730079422324,2.0
point_gbdt_safety,FOODS_3_198_WI_3,2682.6044848609763,2682.6044848609763,0.0,0.0,1.0,1.0,0.0,34.39236519052534,4.0
point_gbdt_safety,FOODS_3_199_CA_2,2457.8283754468475,2457.8283754468475,0.0,0.0,1.0,1.0,0.0,31.510620198036506,45.0
point_gbdt_safety,FOODS_3_199_TX_1,2180.3908546137386,2180.3908546137386,0.0,0.0,1.0,1.0,0.0,27.95372890530434,27.0
point_gbdt_safety,FOODS_3_204_CA_2,2146.870577836553,2146.870577836553,0.0,0.0,1.0,1.0,0.0,27.523981767135293,64.0
point_gbdt_safety,FOODS_3_204_CA_4,2478.1821650569786,2478.1821650569786,0.0,0.0,1.0,1.0,0.0,31.771566218679215,47.0
point_gbdt_safety,FOODS_3_205_TX_1,4024.949026759563,4024.949026759563,0.0,0.0,1.0,1.0,0.0,51.60191059948158,10.0
point_gbdt_safety,FOODS_3_208_WI_3,1996.8833882111774,1996.8833882111774,0.0,0.0,1.0,1.0,0.0,25.60106907963048,91.0
point_gbdt_safety,FOODS_3_209_TX_2,2490.118032277348,2490.118032277348,0.0,0.0,1.0,1.0,0.0,31.924590157401898,13.0
point_gbdt_safety,FOODS_3_210_TX_1,2510.7969493167966,2510.7969493167966,0.0,0.0,1.0,1.0,0.0,32.18970447842047,0.0
point_gbdt_safety,FOODS_3_211_CA_1,2172.739435726136,2063.81213049038,108.92730523575611,0.0,0.8487120760614499,0.8974358974358975,0.10256410256410256,26.459129878081793,144.0
point_gbdt_safety,FOODS_3_215_CA_3,2573.835752588137,2573.835752588137,0.0,0.0,1.0,1.0,0.0,32.99789426395047,182.0
point_gbdt_safety,FOODS_3_215_CA_4,2267.1986141238567,2267.1986141238567,0.0,0.0,1.0,1.0,0.0,29.066648899023804,105.0
point_gbdt_safety,FOODS_3_224_CA_1,1996.2383536994898,1996.2383536994898,0.0,0.0,1.0,1.0,0.0,25.592799406403717,157.0
point_gbdt_safety,FOODS_3_229_CA_1,2976.859067682407,2976.859067682407,0.0,0.0,1.0,1.0,0.0,38.16485984208214,51.0
point_gbdt_safety,FOODS_3_232_WI_3,2481.913578175761,2481.913578175761,0.0,0.0,1.0,1.0,0.0,31.819404848407192,55.0
point_gbdt_safety,FOODS_3_237_WI_3,2688.631094032115,2688.631094032115,0.0,0.0,1.0,1.0,0.0,34.46962941066814,58.0
point_gbdt_safety,FOODS_3_239_CA_4,2291.2064491649735,2291.2064491649735,0.0,0.0,1.0,1.0,0.0,29.3744416559612,55.0
point_gbdt_safety,FOODS_3_240_TX_3,2205.599838488592,2205.599838488592,0.0,0.0,1.0,1.0,0.0,28.276921006264,69.0
point_gbdt_safety,FOODS_3_243_WI_1,2593.488130786528,2593.488130786528,0.0,0.0,1.0,1.0,0.0,33.249847830596515,19.0
point_gbdt_safety,FOODS_3_246_CA_2,2426.0358975676368,2426.0358975676368,0.0,0.0,1.0,1.0,0.0,31.103024327790216,138.0
point_gbdt_safety,FOODS_3_246_TX_2,2347.2075717672114,2347.2075717672114,0.0,0.0,1.0,1.0,0.0,30.0924047662463,59.0
point_gbdt_safety,FOODS_3_247_CA_3,2608.8132734838277,2608.8132734838277,0.0,0.0,1.0,1.0,0.0,33.446324019023436,85.0
point_gbdt_safety,FOODS_3_255_WI_2,2476.5800568404807,2476.5800568404807,0.0,0.0,1.0,1.0,0.0,31.751026369749752,25.0
point_gbdt_safety,FOODS_3_256_WI_1,2494.2258294990584,2494.2258294990584,0.0,0.0,1.0,1.0,0.0,31.9772542243469,9.0
point_gbdt_safety,FOODS_3_257_TX_2,2326.4553987009085,2326.4553987009085,0.0,0.0,1.0,1.0,0.0,29.826351265396262,151.0
point_gbdt_safety,FOODS_3_258_CA_3,3532.891162736668,3447.009735762667,85.88142697400087,0.0,0.9458161344012613,0.9487179487179487,0.05128205128205128,44.19243250977778,317.0
point_gbdt_safety,FOODS_3_258_TX_1,2877.5946498005414,2877.5946498005414,0.0,0.0,1.0,1.0,0.0,36.89223910000694,207.0
point_gbdt_safety,FOODS_3_258_TX_2,3069.3224460083584,3069.3224460083584,0.0,0.0,1.0,1.0,0.0,39.350287769337925,211.0
point_gbdt_safety,FOODS_3_258_WI_2,3185.013826042178,3007.5678604403947,177.44596560178323,0.0,0.9003112552798972,0.9102564102564102,0.08974358974358974,38.55856231333839,356.0
point_gbdt_safety,FOODS_3_265_TX_3,2380.955599939444,2380.955599939444,0.0,0.0,1.0,1.0,0.0,30.52507179409543,80.0
point_gbdt_safety,FOODS_3_265_WI_2,2411.5386379572833,2411.5386379572833,0.0,0.0,1.0,1.0,0.0,30.917162025093376,68.0
point_gbdt_safety,FOODS_3_270_WI_3,2357.0456175566674,2357.0456175566674,0.0,0.0,1.0,1.0,0.0,30.218533558418812,31.0
point_gbdt_safety,FOODS_3_271_WI_2,2689.470066057105,2689.470066057105,0.0,0.0,1.0,1.0,0.0,34.48038546227058,49.0
point_gbdt_safety,FOODS_3_277_CA_4,2247.6115029089583,2247.6115029089583,0.0,0.0,1.0,1.0,0.0,28.81553208857639,81.0
point_gbdt_safety,FOODS_3_278_WI_2,3225.0294390653726,3019.171587148237,205.8578519171354,0.0,0.9066404299695532,0.8846153846153846,0.11538461538461539,38.707328040362015,441.0
point_gbdt_safety,FOODS_3_279_TX_3,2321.8953028102537,2321.8953028102537,0.0,0.0,1.0,1.0,0.0,29.767888497567355,14.0
point_gbdt_safety,FOODS_3_280_WI_3,2132.321313207226,2132.321313207226,0.0,0.0,1.0,1.0,0.0,27.337452733425973,61.0
point_gbdt_safety,FOODS_3_282_WI_3,20342.149694941207,18712.87388738379,1629.2758075574152,0.0,0.8572688736261572,0.8461538461538461,0.15384615384615385,239.90863958184346,2283.0
point_gbdt_safety,FOODS_3_286_TX_3,2461.930643837828,2461.930643837828,0.0,0.0,1.0,1.0,0.0,31.563213382536258,34.0
point_gbdt_safety,FOODS_3_286_WI_3,2245.9412283519728,2245.9412283519728,0.0,0.0,1.0,1.0,0.0,28.79411831220478,69.0
point_gbdt_safety,FOODS_3_289_TX_3,2371.9597784158395,2371.9597784158395,0.0,0.0,1.0,1.0,0.0,30.40974074892102,19.0
point_gbdt_safety,FOODS_3_295_TX_1,5465.148573727675,4401.1513193738165,1063.9972543538586,0.0,0.6879773447642644,0.782051282051282,0.21794871794871795,56.42501691504893,682.0
point_gbdt_safety,FOODS_3_296_CA_4,2274.2270339273264,2274.2270339273264,0.0,0.0,1.0,1.0,0.0,29.156756845222134,62.0
point_gbdt_safety,FOODS_3_300_WI_2,3571.9974266750346,3032.1071483672586,539.8902783077762,0.0,0.6604463658441659,0.7948717948717948,0.20512820512820512,38.87316856881101,318.0
point_gbdt_safety,FOODS_3_302_CA_4,3215.511613537855,3165.214785649678,50.29682788817688,0.0,0.9511681282639058,0.9358974358974359,0.0641025641025641,40.57967673909844,206.0
point_gbdt_safety,FOODS_3_309_CA_2,2360.495789946928,2360.495789946928,0.0,0.0,1.0,1.0,0.0,30.26276653778113,24.0
point_gbdt_safety,FOODS_3_309_WI_1,2566.5684624890764,2566.5684624890764,0.0,0.0,1.0,1.0,0.0,32.904723878065084,27.0
point_gbdt_safety,FOODS_3_316_TX_3,2190.999440157357,2190.999440157357,0.0,0.0,1.0,1.0,0.0,28.089736412273812,23.0
point_gbdt_safety,FOODS_3_318_TX_2,5945.610003759875,5517.744246147254,427.86575761262185,0.0,0.8418241191820252,0.8589743589743589,0.14102564102564102,70.74031084804172,541.0
point_gbdt_safety,FOODS_3_331_TX_1,2198.498904249297,2198.498904249297,0.0,0.0,1.0,1.0,0.0,28.1858833878115,159.0
point_gbdt_safety,FOODS_3_335_TX_1,3722.82305830403,3722.82305830403,0.0,0.0,1.0,1.0,0.0,47.728500747487566,5.0
point_gbdt_safety,FOODS_3_337_CA_1,2399.426324677268,2399.426324677268,0.0,0.0,1.0,1.0,0.0,30.76187595740087,41.0
point_gbdt_safety,FOODS_3_346_WI_3,2399.09348802428,2363.8620519777955,35.231436046484106,0.0,0.9666052738895885,0.9487179487179487,0.05128205128205128,30.305923743305073,211.0
point_gbdt_safety,FOODS_3_352_CA_1,2098.2718971739127,2098.2718971739127,0.0,0.0,1.0,1.0,0.0,26.900921758639907,44.0
point_gbdt_safety,FOODS_3_354_WI_2,2323.8773053082878,2323.8773053082878,0.0,0.0,1.0,1.0,0.0,29.79329878600369,61.0
point_gbdt_safety,FOODS_3_356_CA_1,2436.550648289729,2387.5739970716927,48.97665121803637,0.0,0.9387791859774545,0.9487179487179487,0.05128205128205128,30.609923039380675,160.0
point_gbdt_safety,FOODS_3_356_TX_2,2274.8744298417923,2274.8744298417923,0.0,0.0,1.0,1.0,0.0,29.16505679284349,96.0
point_gbdt_safety,FOODS_3_363_WI_3,2855.577505138682,2662.8375377258876,192.73996741279456,0.0,0.8420164201534471,0.8589743589743589,0.14102564102564102,34.138942791357536,244.0
point_gbdt_safety,FOODS_3_365_TX_1,2427.5176143662648,2427.5176143662648,0.0,0.0,1.0,1.0,0.0,31.122020697003393,19.0
point_gbdt_safety,FOODS_3_367_TX_1,2206.341488434336,2206.2280026114618,0.11348582287411091,0.0,0.9997774787786782,0.9871794871794872,0.01282051282051282,28.28497439245464,102.0
point_gbdt_safety,FOODS_3_370_CA_1,4217.632186579605,4217.632186579605,0.0,0.0,1.0,1.0,0.0,54.072207520251354,41.0
point_gbdt_safety,FOODS_3_372_TX_3,2568.6419642799056,2503.8362586459502,64.80570563395517,0.0,0.9653445424417352,0.9743589743589743,0.02564102564102564,32.10046485443526,374.0
point_gbdt_safety,FOODS_3_380_TX_3,2374.3614673149773,2374.3614673149773,0.0,0.0,1.0,1.0,0.0,30.4405316322433,22.0
point_gbdt_safety,FOODS_3_384_TX_1,2339.7770744501677,2339.7770744501677,0.0,0.0,1.0,1.0,0.0,29.997141980130355,22.0
point_gbdt_safety,FOODS_3_385_CA_4,2148.5013810456135,2148.5013810456135,0.0,0.0,1.0,1.0,0.0,27.544889500584787,47.0
point_gbdt_safety,FOODS_3_385_TX_3,2488.488772762778,2488.488772762778,0.0,0.0,1.0,1.0,0.0,31.90370221490741,47.0
point_gbdt_safety,FOODS_3_387_CA_2,2135.8451734375367,2135.8451734375367,0.0,0.0,1.0,1.0,0.0,27.38263042868637,50.0
point_gbdt_safety,FOODS_3_390_TX_2,2097.4750016494913,2097.4750016494913,0.0,0.0,1.0,1.0,0.0,26.890705149352453,147.0
point_gbdt_safety,FOODS_3_392_WI_2,2120.455790033919,2120.455790033919,0.0,0.0,1.0,1.0,0.0,27.185330641460503,87.0
point_gbdt_safety,FOODS_3_392_WI_3,2182.1057524436965,2182.1057524436965,0.0,0.0,1.0,1.0,0.0,27.975714774919187,76.0
point_gbdt_safety,FOODS_3_393_CA_3,4790.296565630956,4547.686156453564,242.61040917739223,0.0,0.9222402534687845,0.9102564102564102,0.08974358974358974,58.303668672481585,624.0
point_gbdt_safety,FOODS_3_398_WI_3,2328.2454818292936,2328.2454818292936,0.0,0.0,1.0,1.0,0.0,29.84930104909351,28.0
point_gbdt_safety,FOODS_3_403_TX_1,3188.8770566039448,2948.700362549341,240.17669405460367,0.0,0.8805091074355206,0.8589743589743589,0.14102564102564102,37.80385080191463,402.0
point_gbdt_safety,FOODS_3_405_TX_3,2433.5721757533374,2433.5721757533374,0.0,0.0,1.0,1.0,0.0,31.199643278888942,59.0
point_gbdt_safety,FOODS_3_408_TX_2,2797.021439202613,2797.021439202613,0.0,0.0,1.0,1.0,0.0,35.85924922054632,8.0
point_gbdt_safety,FOODS_3_416_CA_4,2232.92920624114,2232.92920624114,0.0,0.0,1.0,1.0,0.0,28.62729751591205,98.0
point_gbdt_safety,FOODS_3_416_WI_3,2201.9083527366024,2201.9083527366024,0.0,0.0,1.0,1.0,0.0,28.229594265853876,81.0
point_gbdt_safety,FOODS_3_417_CA_3,2444.988299058957,2444.988299058957,0.0,0.0,1.0,1.0,0.0,31.346003834089196,72.0
point_gbdt_safety,FOODS_3_422_CA_1,2794.6865984847736,2794.6865984847736,0.0,0.0,1.0,1.0,0.0,35.82931536518941,116.0
point_gbdt_safety,FOODS_3_423_WI_2,2364.9338629576023,2364.9338629576023,0.0,0.0,1.0,1.0,0.0,30.31966490971285,83.0
point_gbdt_safety,FOODS_3_425_CA_1,2288.15233047095,2288.15233047095,0.0,0.0,1.0,1.0,0.0,29.3352862880891,66.0
point_gbdt_safety,FOODS_3_427_WI_3,2752.130234434429,2752.130234434429,0.0,0.0,1.0,1.0,0.0,35.28372095428755,17.0
point_gbdt_safety,FOODS_3_428_TX_3,2375.2781308253584,2375.2781308253584,0.0,0.0,1.0,1.0,0.0,30.452283728530237,24.0
point_gbdt_safety,FOODS_3_434_CA_1,2407.5681494437904,2392.2931153248014,15.27503411898877,0.0,0.9844132304908277,0.9871794871794872,0.01282051282051282,30.67042455544617,196.0
point_gbdt_safety,FOODS_3_434_WI_1,2827.8730709673882,2827.8730709673882,0.0,0.0,1.0,1.0,0.0,36.25478296112036,71.0
point_gbdt_safety,FOODS_3_441_TX_2,22776.0,22776.0,0.0,0.0,1.0,1.0,0.0,292.0,0.0
point_gbdt_safety,FOODS_3_444_CA_4,10998.0,10998.0,0.0,0.0,1.0,1.0,0.0,141.0,0.0
point_gbdt_safety,FOODS_3_444_TX_2,42931.20000000006,42931.20000000006,0.0,0.0,1.0,1.0,0.0,550.4000000000008,0.0
point_gbdt_safety,FOODS_3_445_CA_3,3030.6821414646624,2971.246259372725,59.43588209193727,0.0,0.9049025886529004,0.9230769230769231,0.07692307692307693,38.09290076118878,125.0
point_gbdt_safety,FOODS_3_449_WI_1,2207.290327847142,2207.290327847142,0.0,0.0,1.0,1.0,0.0,28.298593946758235,157.0
point_gbdt_safety,FOODS_3_451_CA_4,2266.9068639516686,2266.9068639516686,0.0,0.0,1.0,1.0,0.0,29.06290851220088,90.0
point_gbdt_safety,FOODS_3_453_TX_2,2382.592845984394,2382.592845984394,0.0,0.0,1.0,1.0,0.0,30.54606212800505,12.0
point_gbdt_safety,FOODS_3_453_WI_2,2197.7544642735966,2197.7544642735966,0.0,0.0,1.0,1.0,0.0,28.17633928555893,32.0
point_gbdt_safety,FOODS_3_454_CA_1,7624.416575012523,7624.416575012523,0.0,0.0,1.0,1.0,0.0,97.7489304488785,1.0
point_gbdt_safety,FOODS_3_455_TX_1,8319.348807179991,7223.557756320444,1095.7910508595473,0.0,0.7840805811114193,0.8076923076923077,0.19230769230769232,92.60971482462108,1015.0
point_gbdt_safety,FOODS_3_456_CA_4,2282.370252008346,2282.370252008346,0.0,0.0,1.0,1.0,0.0,29.261157077030077,30.0
point_gbdt_safety,FOODS_3_457_TX_3,2298.3318084746134,2298.3318084746134,0.0,0.0,1.0,1.0,0.0,29.4657924163412,15.0
point_gbdt_safety,FOODS_3_458_TX_1,3300.2123807442217,3157.615096296687,142.5972844475345,0.0,0.9400851746018762,0.9230769230769231,0.07692307692307693,40.4822448243165,476.0
point_gbdt_safety,FOODS_3_458_WI_1,2629.1324490378433,2488.704297861189,140.42815117665427,0.0,0.9178782741656992,0.9358974358974359,0.0641025641025641,31.90646535719473,342.0
point_gbdt_safety,FOODS_3_464_TX_2,2557.657126760487,2557.657126760487,0.0,0.0,1.0,1.0,0.0,32.7904759841088,31.0
point_gbdt_safety,FOODS_3_465_CA_3,2262.638451206509,2262.638451206509,0.0,0.0,1.0,1.0,0.0,29.00818527187832,49.0
point_gbdt_safety,FOODS_3_465_TX_2,2371.464078804949,2371.464078804949,0.0,0.0,1.0,1.0,0.0,30.403385625704477,27.0
point_gbdt_safety,FOODS_3_465_WI_3,2277.5727371346748,2277.5727371346748,0.0,0.0,1.0,1.0,0.0,29.199650476085573,62.0
point_gbdt_safety,FOODS_3_468_TX_2,2512.07860630468,2512.07860630468,0.0,0.0,1.0,1.0,0.0,32.206135978265124,166.0
point_gbdt_safety,FOODS_3_471_WI_3,2366.5397108200336,2366.5397108200336,0.0,0.0,1.0,1.0,0.0,30.340252702820944,45.0
point_gbdt_safety,FOODS_3_472_CA_1,2220.3649703090246,2220.3649703090246,0.0,0.0,1.0,1.0,0.0,28.46621756806442,39.0
point_gbdt_safety,FOODS_3_474_CA_1,2050.3592072608735,1768.3759041763835,281.9833030844898,0.0,0.8209629821685779,0.9230769230769231,0.07692307692307693,22.671485950979275,315.0
point_gbdt_safety,FOODS_3_476_TX_3,1937.870276845702,1868.3376808609078,69.53259598479413,0.0,0.9463068756874177,0.9230769230769231,0.07692307692307693,23.953047190524458,259.0
point_gbdt_safety,FOODS_3_479_CA_3,3536.410620700262,3536.410620700262,0.0,0.0,1.0,1.0,0.0,45.33859770128541,160.0
point_gbdt_safety,FOODS_3_479_TX_2,2807.520623800065,2807.520623800065,0.0,0.0,1.0,1.0,0.0,35.99385415128289,114.0
point_gbdt_safety,FOODS_3_479_TX_3,2441.5211769561133,2441.5211769561133,0.0,0.0,1.0,1.0,0.0,31.3015535507194,99.0
point_gbdt_safety,FOODS_3_481_TX_2,2328.7799233373116,2328.7799233373116,0.0,0.0,1.0,1.0,0.0,29.856152863298867,32.0
point_gbdt_safety,FOODS_3_498_TX_1,4744.367861217332,4568.986398572018,175.38146264531377,0.0,0.8910674145060163,0.9871794871794872,0.01282051282051282,58.57674869964125,322.0
point_gbdt_safety,FOODS_3_499_TX_1,4139.261892641971,3416.424161976218,722.8377306657534,0.0,0.8256121277042814,0.782051282051282,0.21794871794871795,43.80030976892587,829.0
point_gbdt_safety,FOODS_3_502_TX_2,2278.006695204085,2157.1988944017617,120.80780080232373,0.0,0.8843944489929917,0.9102564102564102,0.08974358974358974,27.65639608207387,209.0
point_gbdt_safety,FOODS_3_511_CA_1,7534.266733227062,5483.065814380339,2051.2009188467227,0.0,0.7760697686848556,0.7692307692307693,0.23076923076923078,70.29571556897871,1832.0
point_gbdt_safety,FOODS_3_511_WI_2,5498.03680322175,4527.35823935678,970.6785638649694,0.0,0.7355099281021882,0.7307692307692307,0.2692307692307692,58.04305435072796,734.0
point_gbdt_safety,FOODS_3_512_CA_1,2501.26256592251,2501.26256592251,0.0,0.0,1.0,1.0,0.0,32.067468793878334,12.0
point_gbdt_safety,FOODS_3_513_CA_1,2125.8873935767733,2125.8873935767733,0.0,0.0,1.0,1.0,0.0,27.254966584317607,137.0
point_gbdt_safety,FOODS_3_514_CA_2,2414.777994487074,2298.5581812206133,116.21981326646093,0.0,0.8948236984013929,0.9230769230769231,0.07692307692307693,29.468694631033504,221.0
point_gbdt_safety,FOODS_3_515_CA_1,2185.8490531442353,2117.8968471988605,67.95220594537457,0.0,0.9284713621627636,0.9230769230769231,0.07692307692307693,27.152523682036673,190.0
point_gbdt_safety,FOODS_3_517_TX_1,2395.1478965829065,2395.1478965829065,0.0,0.0,1.0,1.0,0.0,30.707024315165466,17.0
point_gbdt_safety,FOODS_3_517_TX_3,2335.8939845424884,2335.8939845424884,0.0,0.0,1.0,1.0,0.0,29.947358776185748,17.0
point_gbdt_safety,FOODS_3_525_CA_4,2438.0057957002473,2438.0057957002473,0.0,0.0,1.0,1.0,0.0,31.25648456025958,39.0
point_gbdt_safety,FOODS_3_531_CA_3,2535.9410779909804,2535.9410779909804,0.0,0.0,1.0,1.0,0.0,32.51206510244847,57.0
point_gbdt_safety,FOODS_3_532_TX_3,2748.776230573696,2748.776230573696,0.0,0.0,1.0,1.0,0.0,35.240720904790976,146.0
point_gbdt_safety,FOODS_3_532_WI_1,2710.7654823569005,2489.6967297856418,221.06875257125864,0.0,0.9067220453285828,0.9102564102564102,0.08974358974358974,31.919188843405664,474.0
point_gbdt_safety,FOODS_3_533_TX_3,2414.9991274371723,2414.9991274371723,0.0,0.0,1.0,1.0,0.0,30.961527274835543,110.0
point_gbdt_safety,FOODS_3_533_WI_3,2428.7434906652743,2428.7434906652743,0.0,0.0,1.0,1.0,0.0,31.137737059811208,182.0
point_gbdt_safety,FOODS_3_538_WI_1,2646.9215320331277,2630.462345656611,16.45918637651654,0.0,0.9783431758203731,0.9743589743589743,0.02564102564102564,33.723876226366805,152.0
point_gbdt_safety,FOODS_3_544_TX_2,2351.266027043614,2351.266027043614,0.0,0.0,1.0,1.0,0.0,30.1444362441489,59.0
point_gbdt_safety,FOODS_3_545_CA_2,2703.871814763651,2703.871814763651,0.0,0.0,1.0,1.0,0.0,34.665023266200656,41.0
point_gbdt_safety,FOODS_3_546_CA_1,5654.730415065245,5365.561257635535,289.1691574297104,0.0,0.8181326053901192,0.8717948717948718,0.1282051282051282,68.78924689276327,318.0
point_gbdt_safety,FOODS_3_546_CA_3,3659.917765678701,3586.639703032203,73.27806264649794,0.0,0.9530268829189117,0.9615384615384616,0.038461538461538464,45.98256029528466,312.0
point_gbdt_safety,FOODS_3_550_TX_1,2396.4852141768,2396.4852141768,0.0,0.0,1.0,1.0,0.0,30.72416941252308,14.0
point_gbdt_safety,FOODS_3_555_CA_3,9426.654183572104,7522.839299373985,1903.8148841981179,0.0,0.8319669122508281,0.8076923076923077,0.19230769230769232,96.44665768428186,2266.0
point_gbdt_safety,FOODS_3_558_CA_4,2423.6988650897715,2423.6988650897715,0.0,0.0,1.0,1.0,0.0,31.073062372945788,0.0
point_gbdt_safety,FOODS_3_563_WI_1,3635.9417800528395,3635.9417800528395,0.0,0.0,1.0,1.0,0.0,46.61463820580563,11.0
point_gbdt_safety,FOODS_3_573_WI_2,3313.3477183210193,3313.3477183210193,0.0,0.0,1.0,1.0,0.0,42.47881690155153,154.0
point_gbdt_safety,FOODS_3_575_CA_1,2210.461504476841,2210.461504476841,0.0,0.0,1.0,1.0,0.0,28.3392500573954,52.0
point_gbdt_safety,FOODS_3_575_WI_1,2122.476783393383,2122.476783393383,0.0,0.0,1.0,1.0,0.0,27.211240812735678,42.0
point_gbdt_safety,FOODS_3_575_WI_2,2130.0740600532367,2130.0740600532367,0.0,0.0,1.0,1.0,0.0,27.308641795554315,40.0
point_gbdt_safety,FOODS_3_578_WI_1,9416.77942725599,9416.77942725599,0.0,0.0,1.0,1.0,0.0,120.72794137507678,0.0
point_gbdt_safety,FOODS_3_580_CA_1,4273.911894317256,4199.178388787305,74.73350552995129,0.0,0.9473707707535555,0.9615384615384616,0.038461538461538464,53.83562036906802,284.0
point_gbdt_safety,FOODS_3_580_CA_3,5666.743285595757,5502.263723248073,164.47956234768384,0.0,0.9424896635147959,0.9102564102564102,0.08974358974358974,70.54184260574452,572.0
point_gbdt_safety,FOODS_3_582_CA_1,2094.9229093544336,2094.9229093544336,0.0,0.0,1.0,1.0,0.0,26.857986017364535,66.0
point_gbdt_safety,FOODS_3_585_WI_1,2174.197677551968,2174.197677551968,0.0,0.0,1.0,1.0,0.0,27.874329199384203,50.0
point_gbdt_safety,FOODS_3_588_WI_3,2453.173784489805,2453.173784489805,0.0,0.0,1.0,1.0,0.0,31.450945954997497,91.0
point_gbdt_safety,FOODS_3_596_WI_1,2441.687807458395,2441.687807458395,0.0,0.0,1.0,1.0,0.0,31.303689839210193,159.0
point_gbdt_safety,FOODS_3_599_TX_3,3673.8732373623748,3673.8732373623748,0.0,0.0,1.0,1.0,0.0,47.100938940543266,2.0
point_gbdt_safety,FOODS_3_605_WI_3,2228.791428375533,2228.791428375533,0.0,0.0,1.0,1.0,0.0,28.574249081737605,38.0
point_gbdt_safety,FOODS_3_606_TX_3,2364.087708573432,2364.087708573432,0.0,0.0,1.0,1.0,0.0,30.30881677658246,65.0
point_gbdt_safety,FOODS_3_608_CA_3,2817.6968057318463,2817.6968057318463,0.0,0.0,1.0,1.0,0.0,36.124318022203155,51.0
point_gbdt_safety,FOODS_3_610_TX_1,3310.2213406031933,3310.2213406031933,0.0,0.0,1.0,1.0,0.0,42.43873513593837,16.0
point_gbdt_safety,FOODS_3_615_CA_4,2351.7968404138815,2351.7968404138815,0.0,0.0,1.0,1.0,0.0,30.15124154376771,94.0
point_gbdt_safety,FOODS_3_618_WI_3,4026.6799527855947,3630.7967585148194,395.8831942707752,0.0,0.5475620636905426,0.8717948717948718,0.1282051282051282,46.548676391215636,175.0
point_gbdt_safety,FOODS_3_625_TX_1,2479.308359733423,2479.308359733423,0.0,0.0,1.0,1.0,0.0,31.786004611966963,4.0
point_gbdt_safety,FOODS_3_626_WI_1,2410.9560605136253,2410.9560605136253,0.0,0.0,1.0,1.0,0.0,30.909693083508017,19.0
point_gbdt_safety,FOODS_3_626_WI_2,2456.619720968695,2456.619720968695,0.0,0.0,1.0,1.0,0.0,31.495124627803786,20.0
point_gbdt_safety,FOODS_3_628_WI_1,3038.2003933661426,2751.6463514000047,286.5540419661378,0.0,0.8268555637666841,0.8461538461538461,0.15384615384615385,35.277517325641085,331.0
point_gbdt_safety,FOODS_3_633_WI_1,3060.202718792516,3060.202718792516,0.0,0.0,1.0,1.0,0.0,39.23336818964764,64.0
point_gbdt_safety,FOODS_3_634_CA_4,3567.5339512592677,3388.017145970233,179.5168052890349,0.0,0.8418354138422601,0.8974358974358975,0.10256410256410256,43.43611725602862,227.0
point_gbdt_safety,FOODS_3_638_TX_3,2354.740335041913,2354.740335041913,0.0,0.0,1.0,1.0,0.0,30.1889786543835,52.0
point_gbdt_safety,FOODS_3_640_WI_2,2784.360699527791,2784.360699527791,0.0,0.0,1.0,1.0,0.0,35.69693204522809,82.0
point_gbdt_safety,FOODS_3_642_TX_3,2531.8877951341974,2531.8877951341974,0.0,0.0,1.0,1.0,0.0,32.46009993761792,57.0
point_gbdt_safety,FOODS_3_644_WI_2,2800.5350341670337,2800.5350341670337,0.0,0.0,1.0,1.0,0.0,35.90429530983376,10.0
point_gbdt_safety,FOODS_3_646_CA_2,2038.3493514739807,2016.2719738957026,22.077377578278288,0.0,0.926408741405739,0.9743589743589743,0.02564102564102564,25.849640690970546,60.0
point_gbdt_safety,FOODS_3_646_WI_3,2239.297871967385,2178.5790755996554,60.71879636772991,0.0,0.8604165600741841,0.9230769230769231,0.07692307692307693,27.93050096922635,87.0
point_gbdt_safety,FOODS_3_651_CA_2,2244.7911023146603,2244.7911023146603,0.0,0.0,1.0,1.0,0.0,28.779373106598207,290.0
point_gbdt_safety,FOODS_3_657_CA_4,2681.0339139217454,2681.0339139217454,0.0,0.0,1.0,1.0,0.0,34.372229665663404,48.0
point_gbdt_safety,FOODS_3_658_WI_1,2640.003061190375,2640.003061190375,0.0,0.0,1.0,1.0,0.0,33.84619309218429,75.0
point_gbdt_safety,FOODS_3_658_WI_3,2404.04459399107,2404.04459399107,0.0,0.0,1.0,1.0,0.0,30.82108453834705,38.0
point_gbdt_safety,FOODS_3_662_WI_2,2478.0482266739023,2478.0482266739023,0.0,0.0,1.0,1.0,0.0,31.769849059921825,11.0
point_gbdt_safety,FOODS_3_663_CA_1,4910.74433627492,4910.74433627492,0.0,0.0,1.0,1.0,0.0,62.95826072147333,0.0
point_gbdt_safety,FOODS_3_663_TX_2,2260.466873337599,2260.466873337599,0.0,0.0,1.0,1.0,0.0,28.980344529969216,84.0
point_gbdt_safety,FOODS_3_667_TX_3,2447.429797967232,2447.429797967232,0.0,0.0,1.0,1.0,0.0,31.377305102144,13.0
point_gbdt_safety,FOODS_3_668_WI_3,4390.3655777874155,4139.63467992671,250.73089786070497,0.0,0.9309281273111005,0.9230769230769231,0.07692307692307693,53.07223948623987,726.0
point_gbdt_safety,FOODS_3_669_TX_1,4727.438272081363,4680.576152184358,46.86211989700524,0.0,0.9464432915462797,0.9487179487179487,0.05128205128205128,60.007386566466124,175.0
point_gbdt_safety,FOODS_3_670_CA_4,2506.8338268788925,2506.8338268788925,0.0,0.0,1.0,1.0,0.0,32.13889521639606,21.0
point_gbdt_safety,FOODS_3_672_TX_2,5021.065873692837,3868.0381800628957,1153.0276936299413,0.0,0.7095648126876722,0.7307692307692307,0.2692307692307692,49.59023307772943,794.0
point_gbdt_safety,FOODS_3_677_WI_2,2341.375938205392,2341.375938205392,0.0,0.0,1.0,1.0,0.0,30.01764023340246,76.0
point_gbdt_safety,FOODS_3_691_WI_1,2572.581911093438,2572.581911093438,0.0,0.0,1.0,1.0,0.0,32.981819372992796,31.0
point_gbdt_safety,FOODS_3_693_WI_2,2528.441955785095,2528.441955785095,0.0,0.0,1.0,1.0,0.0,32.41592251006532,7.0
point_gbdt_safety,FOODS_3_694_WI_3,15828.792802015207,12849.852988025401,2978.939813989805,0.0,0.8333460243921788,0.8205128205128205,0.1794871794871795,164.74170497468464,3575.0
point_gbdt_safety,FOODS_3_705_TX_2,2366.3703387433807,2366.3703387433807,0.0,0.0,1.0,1.0,0.0,30.33808126594078,47.0
point_gbdt_safety,FOODS_3_711_CA_3,9306.202113160707,8367.18390574461,939.0182074160975,0.0,0.8231604129159892,0.8076923076923077,0.19230769230769232,107.27158853518732,1062.0
point_gbdt_safety,FOODS_3_712_CA_3,2899.3482153489435,2841.277439060143,58.070776288800445,0.0,0.9300352092906018,0.9743589743589743,0.02564102564102564,36.4266338341044,166.0
point_gbdt_safety,FOODS_3_718_TX_1,2477.6011349645887,2477.6011349645887,0.0,0.0,1.0,1.0,0.0,31.764117114930624,6.0
point_gbdt_safety,FOODS_3_723_WI_3,12541.270659234717,10419.380874942528,2121.889784292188,0.0,0.8211639456980877,0.8076923076923077,0.19230769230769232,133.58180608900676,2373.0
point_gbdt_safety,FOODS_3_727_WI_3,2624.2283254039107,2510.9445652267345,113.28376017717602,0.0,0.9216029341334422,0.8974358974358975,0.10256410256410256,32.19159699008634,289.0
point_gbdt_safety,FOODS_3_730_CA_3,2364.276929891621,2364.276929891621,0.0,0.0,1.0,1.0,0.0,30.311242690918217,99.0
point_gbdt_safety,FOODS_3_734_TX_1,4471.702312306878,4377.1085012980475,94.59381100883107,0.0,0.9632645394140462,0.9615384615384616,0.038461538461538464,56.116775657667276,515.0
point_gbdt_safety,FOODS_3_735_CA_4,2334.1569731228847,2334.1569731228847,0.0,0.0,1.0,1.0,0.0,29.92508939901134,28.0
point_gbdt_safety,FOODS_3_745_TX_3,2792.239563109092,2792.239563109092,0.0,0.0,1.0,1.0,0.0,35.79794311678323,0.0
point_gbdt_safety,FOODS_3_746_CA_4,2600.5356722518504,2600.5356722518504,0.0,0.0,1.0,1.0,0.0,33.340200926305776,167.0
point_gbdt_safety,FOODS_3_749_CA_1,2924.1608659343824,2924.1608659343824,0.0,0.0,1.0,1.0,0.0,37.48924187095362,71.0
point_gbdt_safety,FOODS_3_750_CA_2,2339.921410372139,2195.1178844417905,144.80352593034823,0.0,0.5741072766754464,0.8589743589743589,0.14102564102564102,28.142536980022953,68.0
point_gbdt_safety,FOODS_3_753_TX_2,2565.8604119409315,2565.8604119409315,0.0,0.0,1.0,1.0,0.0,32.89564630693502,207.0
point_gbdt_safety,FOODS_3_755_TX_3,2607.1434827789203,2607.1434827789203,0.0,0.0,1.0,1.0,0.0,33.424916445883596,104.0
point_gbdt_safety,FOODS_3_756_WI_3,3294.474841133325,2967.5793795695995,326.8954615637254,0.0,0.8732963327272381,0.8717948717948718,0.1282051282051282,38.04588948166153,516.0
point_gbdt_safety,FOODS_3_757_CA_3,16555.0,16520.0,35.0,0.0,0.9761092150170648,0.9871794871794872,0.01282051282051282,211.7948717948718,293.0
point_gbdt_safety,FOODS_3_763_TX_2,2311.590182310278,2311.590182310278,0.0,0.0,1.0,1.0,0.0,29.63577156808049,10.0
point_gbdt_safety,FOODS_3_766_TX_3,2310.1430998586848,2310.1430998586848,0.0,0.0,1.0,1.0,0.0,29.6172192289575,17.0
point_gbdt_safety,FOODS_3_768_CA_2,1947.0472828334189,1931.4482171404877,15.599065692931191,0.0,0.9809767491549619,0.9871794871794872,0.01282051282051282,24.762156630006253,164.0
point_gbdt_safety,FOODS_3_770_WI_3,2436.252621051696,2436.252621051696,0.0,0.0,1.0,1.0,0.0,31.234007962201233,47.0
point_gbdt_safety,FOODS_3_774_WI_2,2343.5118255396887,2343.5118255396887,0.0,0.0,1.0,1.0,0.0,30.045023404354986,49.0
point_gbdt_safety,FOODS_3_779_CA_1,2704.0959522655507,2704.0959522655507,0.0,0.0,1.0,1.0,0.0,34.66789682391732,27.0
point_gbdt_safety,FOODS_3_783_CA_1,3331.1306026553443,3302.650375201546,28.48022745379822,0.0,0.9825274678197558,0.9743589743589743,0.02564102564102564,42.3416714769429,326.0
point_gbdt_safety,FOODS_3_783_TX_3,12544.19999999998,12544.19999999998,0.0,0.0,1.0,1.0,0.0,160.82307692307668,96.0
point_gbdt_safety,FOODS_3_786_CA_2,2302.3768285255696,2302.3768285255696,0.0,0.0,1.0,1.0,0.0,29.517651647763714,71.0
point_gbdt_safety,FOODS_3_788_WI_2,2888.851610635052,2825.100352776377,63.751257858675245,0.0,0.9138496515423308,0.9487179487179487,0.05128205128205128,36.21923529200483,148.0
point_gbdt_safety,FOODS_3_791_CA_4,2459.148488985017,2459.148488985017,0.0,0.0,1.0,1.0,0.0,31.527544730577144,53.0
point_gbdt_safety,FOODS_3_791_WI_2,3396.9534206858657,3396.9534206858657,0.0,0.0,1.0,1.0,0.0,43.55068488058802,37.0
point_gbdt_safety,FOODS_3_792_CA_1,2485.1150135544094,2485.1150135544094,0.0,0.0,1.0,1.0,0.0,31.8604488917232,161.0
point_gbdt_safety,FOODS_3_793_WI_1,2211.0719371518703,2183.0046439646803,28.067293187190003,0.0,0.9748275397424305,0.9871794871794872,0.01282051282051282,27.98723902518821,223.0
point_gbdt_safety,FOODS_3_795_WI_2,2968.110090502805,2946.9773933675538,21.13269713525149,0.0,0.9849052163319633,0.9615384615384616,0.038461538461538464,37.78176145343018,280.0
point_gbdt_safety,FOODS_3_799_TX_1,2407.3442487488824,2407.3442487488824,0.0,0.0,1.0,1.0,0.0,30.86338780447285,6.0
point_gbdt_safety,FOODS_3_802_WI_3,2392.6423677026833,2392.6423677026833,0.0,0.0,1.0,1.0,0.0,30.674902150034402,30.0
point_gbdt_safety,FOODS_3_805_TX_1,2369.1526338563326,2369.1526338563326,0.0,0.0,1.0,1.0,0.0,30.373751716106828,120.0
point_gbdt_safety,FOODS_3_806_CA_1,2542.158352739331,2542.158352739331,0.0,0.0,1.0,1.0,0.0,32.591773753068345,21.0
point_gbdt_safety,FOODS_3_806_CA_4,2491.9736780724807,2491.9736780724807,0.0,0.0,1.0,1.0,0.0,31.948380488108725,10.0
point_gbdt_safety,FOODS_3_809_CA_1,2294.072813646914,2229.6564250331453,64.41638861376852,0.0,0.9303606609580881,0.9487179487179487,0.05128205128205128,28.58533878247622,185.0
point_gbdt_safety,FOODS_3_810_WI_2,2656.7887293330327,2656.7887293330327,0.0,0.0,1.0,1.0,0.0,34.061393965808115,46.0
point_gbdt_safety,FOODS_3_813_TX_1,2255.0194795089833,2255.0194795089833,0.0,0.0,1.0,1.0,0.0,28.910506147551068,27.0
point_gbdt_safety,FOODS_3_814_CA_3,2642.262814514944,2642.262814514944,0.0,0.0,1.0,1.0,0.0,33.875164288653124,205.0
point_gbdt_safety,FOODS_3_818_CA_3,4290.016636964772,4290.016636964772,0.0,0.0,1.0,1.0,0.0,55.000213294420156,399.0
point_gbdt_safety,FOODS_3_821_TX_2,2143.4321725522805,2143.4321725522805,0.0,0.0,1.0,1.0,0.0,27.47989964810616,52.0
point_gbdt_safety,FOODS_3_824_TX_3,2313.957589852122,2313.957589852122,0.0,0.0,1.0,1.0,0.0,29.666122946822078,5.0
point_gbdt_safety,HOBBIES_1_004_WI_3,3201.4769396663814,3201.4769396663814,0.0,0.0,1.0,1.0,0.0,41.04457614956899,134.0
point_gbdt_safety,HOBBIES_1_005_WI_1,2414.0958561169973,2414.0958561169973,0.0,0.0,1.0,1.0,0.0,30.949946873294838,64.0
point_gbdt_safety,HOBBIES_1_009_CA_1,2625.753268443361,2625.753268443361,0.0,0.0,1.0,1.0,0.0,33.66350344158155,28.0
point_gbdt_safety,HOBBIES_1_009_CA_4,3297.0157202353657,3297.0157202353657,0.0,0.0,1.0,1.0,0.0,42.26943231070982,136.0
point_gbdt_safety,HOBBIES_1_010_CA_3,2350.1114631824926,2350.1114631824926,0.0,0.0,1.0,1.0,0.0,30.12963414336529,50.0
point_gbdt_safety,HOBBIES_1_012_TX_2,2212.3940471902743,2212.3940471902743,0.0,0.0,1.0,1.0,0.0,28.36402624602916,20.0
point_gbdt_safety,HOBBIES_1_023_CA_3,1858.5359670108958,1808.2702487327867,50.265718278109084,0.0,0.9281918310312727,0.9487179487179487,0.05128205128205128,23.1829519068306,140.0
point_gbdt_safety,HOBBIES_1_026_CA_4,2166.50268208006,2166.50268208006,0.0,0.0,1.0,1.0,0.0,27.77567541128282,59.0
point_gbdt_safety,HOBBIES_1_027_CA_1,2345.2914237390946,2345.2914237390946,0.0,0.0,1.0,1.0,0.0,30.067838765885828,34.0
point_gbdt_safety,HOBBIES_1_028_WI_3,2202.3663142396313,2202.3663142396313,0.0,0.0,1.0,1.0,0.0,28.23546556717476,25.0
point_gbdt_safety,HOBBIES_1_029_WI_3,2248.6385562282785,2248.6385562282785,0.0,0.0,1.0,1.0,0.0,28.828699438824085,15.0
point_gbdt_safety,HOBBIES_1_030_WI_2,2550.7318118556072,2550.7318118556072,0.0,0.0,1.0,1.0,0.0,32.70168989558471,90.0
point_gbdt_safety,HOBBIES_1_032_CA_2,6609.929631535433,6098.18424103557,511.74539049986276,0.0,0.815918924280625,0.8974358974358975,0.10256410256410256,78.18184924404578,556.0
point_gbdt_safety,HOBBIES_1_043_TX_2,2664.2887701652257,2664.2887701652257,0.0,0.0,1.0,1.0,0.0,34.157548335451615,86.0
point_gbdt_safety,HOBBIES_1_043_WI_3,2729.1984858917135,2616.3462019246813,112.85228396703211,0.0,0.8793023700887357,0.9230769230769231,0.07692307692307693,33.542900024675404,187.0
point_gbdt_safety,HOBBIES_1_045_CA_4,2451.7602485646157,2451.7602485646157,0.0,0.0,1.0,1.0,0.0,31.432823699546354,14.0
point_gbdt_safety,HOBBIES_1_050_TX_3,1974.4737649166207,1974.4737649166207,0.0,0.0,1.0,1.0,0.0,25.313766216879753,42.0
point_gbdt_safety,HOBBIES_1_054_CA_4,2217.9171748752933,2217.9171748752933,0.0,0.0,1.0,1.0,0.0,28.434835575324275,13.0
point_gbdt_safety,HOBBIES_1_057_WI_1,2441.625574242906,2441.625574242906,0.0,0.0,1.0,1.0,0.0,31.302891977473156,68.0
point_gbdt_safety,HOBBIES_1_061_CA_4,2285.105395944875,2285.105395944875,0.0,0.0,1.0,1.0,0.0,29.296223024934296,10.0
point_gbdt_safety,HOBBIES_1_065_CA_4,2276.342438247462,2276.342438247462,0.0,0.0,1.0,1.0,0.0,29.183877413429,7.0
point_gbdt_safety,HOBBIES_1_070_WI_2,2205.7984246947813,2205.7984246947813,0.0,0.0,1.0,1.0,0.0,28.279466983266428,10.0
point_gbdt_safety,HOBBIES_1_073_CA_2,2305.7868569366024,2305.7868569366024,0.0,0.0,1.0,1.0,0.0,29.56136996072567,57.0
point_gbdt_safety,HOBBIES_1_074_TX_2,2254.378731024697,2254.378731024697,0.0,0.0,1.0,1.0,0.0,28.902291423393553,69.0
point_gbdt_safety,HOBBIES_1_086_CA_3,2305.7873913946605,2305.7873913946605,0.0,0.0,1.0,1.0,0.0,29.56137681275206,111.0
point_gbdt_safety,HOBBIES_1_092_CA_3,2317.534985591404,2317.534985591404,0.0,0.0,1.0,1.0,0.0,29.71198699476159,33.0
point_gbdt_safety,HOBBIES_1_092_TX_1,2409.3548258831192,2409.3548258831192,0.0,0.0,1.0,1.0,0.0,30.889164434398964,29.0
point_gbdt_safety,HOBBIES_1_103_CA_2,3737.832739864644,3716.455437906713,21.377301957930683,0.0,0.987749397158779,0.9871794871794872,0.01282051282051282,47.6468645885476,349.0
point_gbdt_safety,HOBBIES_1_106_TX_3,2300.9715888326436,2300.9715888326436,0.0,0.0,1.0,1.0,0.0,29.499635754264663,31.0
point_gbdt_safety,HOBBIES_1_106_WI_3,2324.6786750505653,2324.6786750505653,0.0,0.0,1.0,1.0,0.0,29.80357275705853,11.0
point_gbdt_safety,HOBBIES_1_107_WI_2,2321.995692136498,2321.995692136498,0.0,0.0,1.0,1.0,0.0,29.76917554021151,50.0
point_gbdt_safety,HOBBIES_1_108_CA_3,2481.3407480098526,2481.3407480098526,0.0,0.0,1.0,1.0,0.0,31.812060871921187,65.0
point_gbdt_safety,HOBBIES_1_109_CA_3,2472.014568795734,2472.014568795734,0.0,0.0,1.0,1.0,0.0,31.692494471740176,34.0
point_gbdt_safety,HOBBIES_1_110_CA_3,2407.2595529884647,2407.2595529884647,0.0,0.0,1.0,1.0,0.0,30.862301961390575,21.0
point_gbdt_safety,HOBBIES_1_110_WI_3,2238.8287991417255,2238.8287991417255,0.0,0.0,1.0,1.0,0.0,28.702933322329816,12.0
point_gbdt_safety,HOBBIES_1_113_TX_2,2331.3830645153535,2331.3830645153535,0.0,0.0,1.0,1.0,0.0,29.889526468145558,21.0
point_gbdt_safety,HOBBIES_1_116_CA_1,2153.223343451887,2153.223343451887,0.0,0.0,1.0,1.0,0.0,27.6054274801524,49.0
point_gbdt_safety,HOBBIES_1_116_WI_3,2300.2050122226296,2300.2050122226296,0.0,0.0,1.0,1.0,0.0,29.489807849008074,11.0
point_gbdt_safety,HOBBIES_1_117_CA_1,2183.8009151936913,2183.8009151936913,0.0,0.0,1.0,1.0,0.0,27.99744763068835,19.0
point_gbdt_safety,HOBBIES_1_122_WI_3,2438.4320549520644,2438.4320549520644,0.0,0.0,1.0,1.0,0.0,31.261949422462365,8.0
point_gbdt_safety,HOBBIES_1_124_TX_3,2368.441612861532,2368.441612861532,0.0,0.0,1.0,1.0,0.0,30.364636062327335,26.0
point_gbdt_safety,HOBBIES_1_133_WI_1,2424.077360620909,2424.077360620909,0.0,0.0,1.0,1.0,0.0,31.077914879755244,0.0
point_gbdt_safety,HOBBIES_1_134_CA_4,2205.5118081995793,2205.5118081995793,0.0,0.0,1.0,1.0,0.0,28.275792412815118,228.0
point_gbdt_safety,HOBBIES_1_135_WI_1,2328.304064675613,2328.304064675613,0.0,0.0,1.0,1.0,0.0,29.850052111225807,51.0
point_gbdt_safety,HOBBIES_1_137_TX_1,2130.6986029340264,2130.6986029340264,0.0,0.0,1.0,1.0,0.0,27.31664875556444,48.0
point_gbdt_safety,HOBBIES_1_143_WI_1,2174.760260455113,2174.760260455113,0.0,0.0,1.0,1.0,0.0,27.881541800706575,22.0
point_gbdt_safety,HOBBIES_1_151_TX_1,2193.9231106062857,2193.9231106062857,0.0,0.0,1.0,1.0,0.0,28.12721936674725,53.0
point_gbdt_safety,HOBBIES_1_152_CA_1,2490.0821987644954,2490.0821987644954,0.0,0.0,1.0,1.0,0.0,31.924130753390966,70.0
point_gbdt_safety,HOBBIES_1_152_CA_3,2466.2406963567055,2466.2406963567055,0.0,0.0,1.0,1.0,0.0,31.61847046611161,65.0
point_gbdt_safety,HOBBIES_1_155_CA_2,2291.390814362017,2291.390814362017,0.0,0.0,1.0,1.0,0.0,29.376805312333552,109.0
point_gbdt_safety,HOBBIES_1_162_TX_1,2305.928330628926,2305.928330628926,0.0,0.0,1.0,1.0,0.0,29.563183726011868,6.0
point_gbdt_safety,HOBBIES_1_162_TX_2,2215.033715831865,2215.033715831865,0.0,0.0,1.0,1.0,0.0,28.397868151690574,26.0
point_gbdt_safety,HOBBIES_1_170_TX_2,2253.192319869087,2253.192319869087,0.0,0.0,1.0,1.0,0.0,28.887081023962654,14.0
point_gbdt_safety,HOBBIES_1_173_CA_4,2194.584560610723,2194.584560610723,0.0,0.0,1.0,1.0,0.0,28.135699495009273,20.0
point_gbdt_safety,HOBBIES_1_175_WI_1,2388.2634152625596,2388.2634152625596,0.0,0.0,1.0,1.0,0.0,30.61876173413538,12.0
point_gbdt_safety,HOBBIES_1_176_TX_3,2011.474796841286,2011.474796841286,0.0,0.0,1.0,1.0,0.0,25.788138421042127,53.0
point_gbdt_safety,HOBBIES_1_184_CA_1,2413.1585202977444,2413.1585202977444,0.0,0.0,1.0,1.0,0.0,30.93792974740698,10.0
point_gbdt_safety,HOBBIES_1_186_TX_1,2270.3376715953445,2270.3376715953445,0.0,0.0,1.0,1.0,0.0,29.10689322558134,12.0
point_gbdt_safety,HOBBIES_1_187_CA_2,2173.3245563141004,2173.3245563141004,0.0,0.0,1.0,1.0,0.0,27.863135337360262,22.0
point_gbdt_safety,HOBBIES_1_190_TX_2,2285.010283416782,2285.010283416782,0.0,0.0,1.0,1.0,0.0,29.295003633548486,11.0
point_gbdt_safety,HOBBIES_1_194_TX_3,2477.664922501828,2477.664922501828,0.0,0.0,1.0,1.0,0.0,31.76493490386959,118.0
point_gbdt_safety,HOBBIES_1_200_CA_4,2234.331779949952,2234.331779949952,0.0,0.0,1.0,1.0,0.0,28.64527923012759,50.0
point_gbdt_safety,HOBBIES_1_209_CA_3,5547.597225781862,5125.671760612949,421.92546516891343,0.0,0.8263681213296652,0.8461538461538461,0.15384615384615385,65.71374052067883,486.0
point_gbdt_safety,HOBBIES_1_212_CA_2,2620.4538510602615,2620.4538510602615,0.0,0.0,1.0,1.0,0.0,33.595562193080276,6.0
point_gbdt_safety,HOBBIES_1_232_WI_3,2376.202259894051,2376.202259894051,0.0,0.0,1.0,1.0,0.0,30.46413153710322,48.0
point_gbdt_safety,HOBBIES_1_239_TX_1,2259.8458499504213,2259.8458499504213,0.0,0.0,1.0,1.0,0.0,28.972382691672067,16.0
point_gbdt_safety,HOBBIES_1_240_CA_2,2191.2011208959825,2191.2011208959825,0.0,0.0,1.0,1.0,0.0,28.092322062769007,103.0
point_gbdt_safety,HOBBIES_1_242_TX_3,2388.375200423021,2388.375200423021,0.0,0.0,1.0,1.0,0.0,30.620194877218218,43.0
point_gbdt_safety,HOBBIES_1_245_TX_1,2216.042855518101,2216.042855518101,0.0,0.0,1.0,1.0,0.0,28.410805839975655,10.0
point_gbdt_safety,HOBBIES_1_245_WI_1,2182.022559459999,2182.022559459999,0.0,0.0,1.0,1.0,0.0,27.974648198205113,32.0
point_gbdt_safety,HOBBIES_1_252_TX_1,2238.878418953186,2238.878418953186,0.0,0.0,1.0,1.0,0.0,28.703569473758797,56.0
point_gbdt_safety,HOBBIES_1_257_CA_2,2338.0357379413977,2338.0357379413977,0.0,0.0,1.0,1.0,0.0,29.974817153094843,19.0
point_gbdt_safety,HOBBIES_1_261_WI_3,2771.31395191033,2591.4222034482063,179.89174846212399,0.0,0.7990036330032135,0.9615384615384616,0.038461538461538464,33.22336158266931,179.0
point_gbdt_safety,HOBBIES_1_264_TX_2,2166.9639045608765,2166.9639045608765,0.0,0.0,1.0,1.0,0.0,27.781588520011237,34.0
point_gbdt_safety,HOBBIES_1_267_CA_3,2393.7286837534257,2393.7286837534257,0.0,0.0,1.0,1.0,0.0,30.688829278890072,14.0
point_gbdt_safety,HOBBIES_1_267_WI_2,2272.6355349147693,2272.6355349147693,0.0,0.0,1.0,1.0,0.0,29.136353011727813,6.0
point_gbdt_safety,HOBBIES_1_277_CA_1,2700.2442290853373,2700.2442290853373,0.0,0.0,1.0,1.0,0.0,34.618515757504326,17.0
point_gbdt_safety,HOBBIES_1_279_CA_4,2332.5691899258427,2332.5691899258427,0.0,0.0,1.0,1.0,0.0,29.90473320417747,52.0
point_gbdt_safety,HOBBIES_1_279_TX_3,2253.039173135283,2253.039173135283,0.0,0.0,1.0,1.0,0.0,28.8851176042985,71.0
point_gbdt_safety,HOBBIES_1_285_CA_4,2270.9731730245817,2270.9731730245817,0.0,0.0,1.0,1.0,0.0,29.11504067980233,8.0
point_gbdt_safety,HOBBIES_1_287_WI_1,2391.8734727999613,2391.8734727999613,0.0,0.0,1.0,1.0,0.0,30.66504452307643,38.0
point_gbdt_safety,HOBBIES_1_289_WI_1,2147.541284403654,2147.541284403654,0.0,0.0,1.0,1.0,0.0,27.532580569277616,62.0
point_gbdt_safety,HOBBIES_1_290_CA_4,2430.9875316458556,2430.9875316458556,0.0,0.0,1.0,1.0,0.0,31.166506815972507,3.0
point_gbdt_safety,HOBBIES_1_296_CA_1,2309.1695252817585,2309.1695252817585,0.0,0.0,1.0,1.0,0.0,29.604737503612288,36.0
point_gbdt_safety,HOBBIES_1_297_CA_1,2065.451487976426,2065.451487976426,0.0,0.0,1.0,1.0,0.0,26.48014728174905,176.0
point_gbdt_safety,HOBBIES_1_306_CA_4,2231.2540656340566,2231.2540656340566,0.0,0.0,1.0,1.0,0.0,28.605821354282778,43.0
point_gbdt_safety,HOBBIES_1_306_WI_3,2233.6571981654242,2233.6571981654242,0.0,0.0,1.0,1.0,0.0,28.636630745710566,17.0
point_gbdt_safety,HOBBIES_1_309_WI_1,2139.373454418979,2139.373454418979,0.0,0.0,1.0,1.0,0.0,27.427864800243317,16.0
point_gbdt_safety,HOBBIES_1_312_TX_3,2761.6875180343022,2761.6875180343022,0.0,0.0,1.0,1.0,0.0,35.406250231209,73.0
point_gbdt_safety,HOBBIES_1_319_TX_1,2670.592166792879,2670.592166792879,0.0,0.0,1.0,1.0,0.0,34.23836111272922,135.0
point_gbdt_safety,HOBBIES_1_323_CA_3,2053.692346882942,2053.692346882942,0.0,0.0,1.0,1.0,0.0,26.32938906260182,120.0
point_gbdt_safety,HOBBIES_1_328_TX_1,2303.9445274158265,2303.9445274158265,0.0,0.0,1.0,1.0,0.0,29.537750351484956,7.0
point_gbdt_safety,HOBBIES_1_332_WI_1,2398.185839274999,2398.185839274999,0.0,0.0,1.0,1.0,0.0,30.745972298397426,61.0
point_gbdt_safety,HOBBIES_1_333_CA_2,2107.8577427392624,2107.8577427392624,0.0,0.0,1.0,1.0,0.0,27.02381721460593,64.0
point_gbdt_safety,HOBBIES_1_333_TX_1,2229.3189147437483,2229.3189147437483,0.0,0.0,1.0,1.0,0.0,28.581011727483954,14.0
point_gbdt_safety,HOBBIES_1_334_TX_1,2278.4137355550847,2278.4137355550847,0.0,0.0,1.0,1.0,0.0,29.210432507116472,11.0
point_gbdt_safety,HOBBIES_1_344_CA_3,2516.2608348660565,2516.2608348660565,0.0,0.0,1.0,1.0,0.0,32.25975429315457,92.0
point_gbdt_safety,HOBBIES_1_346_CA_4,2503.4557769246367,2503.4557769246367,0.0,0.0,1.0,1.0,0.0,32.09558688364919,19.0
point_gbdt_safety,HOBBIES_1_348_CA_4,8440.003826738814,8117.2604391676205,322.743387571194,0.0,0.8440853200139159,0.8974358974358975,0.10256410256410256,104.06744152779001,414.0
point_gbdt_safety,HOBBIES_1_352_CA_2,2370.2007174765445,2370.2007174765445,0.0,0.0,1.0,1.0,0.0,30.387188685596723,85.0
point_gbdt_safety,HOBBIES_1_361_CA_4,2192.377931414161,2192.377931414161,0.0,0.0,1.0,1.0,0.0,28.10740937710463,30.0
point_gbdt_safety,HOBBIES_1_362_WI_2,2355.4626433096137,2355.4626433096137,0.0,0.0,1.0,1.0,0.0,30.19823901678992,4.0
point_gbdt_safety,HOBBIES_1_367_TX_1,2309.812429145259,2309.812429145259,0.0,0.0,1.0,1.0,0.0,29.612979860836656,52.0
point_gbdt_safety,HOBBIES_1_368_CA_1,2204.1548179831743,2204.1548179831743,0.0,0.0,1.0,1.0,0.0,28.258395102348388,33.0
point_gbdt_safety,HOBBIES_1_372_TX_1,2277.592496852555,2277.592496852555,0.0,0.0,1.0,1.0,0.0,29.199903805801988,65.0
point_gbdt_safety,HOBBIES_1_373_TX_1,2239.0732695177753,2239.0732695177753,0.0,0.0,1.0,1.0,0.0,28.706067557920196,46.0
point_gbdt_safety,HOBBIES_1_374_WI_3,2196.6480832622124,2196.6480832622124,0.0,0.0,1.0,1.0,0.0,28.162154913618107,17.0
point_gbdt_safety,HOBBIES_1_375_WI_1,2297.934584557064,2297.934584557064,0.0,0.0,1.0,1.0,0.0,29.460699802013643,8.0
point_gbdt_safety,HOBBIES_1_380_CA_2,2558.684779105924,2558.684779105924,0.0,0.0,1.0,1.0,0.0,32.80365101417851,27.0
point_gbdt_safety,HOBBIES_1_381_TX_2,3634.479919265053,3573.352422001153,61.12749726389964,0.0,0.9616755503047653,0.9743589743589743,0.02564102564102564,45.81221053847632,319.0
point_gbdt_safety,HOBBIES_1_385_CA_1,2351.741393122603,2351.741393122603,0.0,0.0,1.0,1.0,0.0,30.15053068105901,8.0
point_gbdt_safety,HOBBIES_1_386_CA_3,2722.7075414489254,2722.7075414489254,0.0,0.0,1.0,1.0,0.0,34.90650694165289,15.0
point_gbdt_safety,HOBBIES_1_386_WI_3,2281.7518059385275,2281.7518059385275,0.0,0.0,1.0,1.0,0.0,29.253228281263173,6.0
point_gbdt_safety,HOBBIES_1_389_CA_3,2402.5078438297282,2402.5078438297282,0.0,0.0,1.0,1.0,0.0,30.801382613201643,21.0
point_gbdt_safety,HOBBIES_1_390_TX_1,2183.586984471309,2183.586984471309,0.0,0.0,1.0,1.0,0.0,27.994704929119344,15.0
point_gbdt_safety,HOBBIES_1_393_TX_2,2197.4097260801796,2197.4097260801796,0.0,0.0,1.0,1.0,0.0,28.17191956513051,19.0
point_gbdt_safety,HOBBIES_1_398_TX_3,2524.7462659199937,2524.7462659199937,0.0,0.0,1.0,1.0,0.0,32.36854187076915,34.0
point_gbdt_safety,HOBBIES_1_399_TX_3,2711.0877247705,2711.0877247705,0.0,0.0,1.0,1.0,0.0,34.757534932955124,5.0
point_gbdt_safety,HOBBIES_1_400_CA_3,2368.410075625688,2368.410075625688,0.0,0.0,1.0,1.0,0.0,30.36423173879087,88.0
point_gbdt_safety,HOBBIES_1_405_TX_3,2294.2353500461013,2294.2353500461013,0.0,0.0,1.0,1.0,0.0,29.41327371853976,9.0
point_gbdt_safety,HOBBIES_1_406_CA_1,2414.1426186215544,2414.1426186215544,0.0,0.0,1.0,1.0,0.0,30.95054639258403,7.0
point_gbdt_safety,HOBBIES_1_410_TX_1,2331.406354796367,2331.406354796367,0.0,0.0,1.0,1.0,0.0,29.889825061491884,5.0
point_gbdt_safety,HOBBIES_1_415_CA_1,2172.3321325115444,2172.3321325115444,0.0,0.0,1.0,1.0,0.0,27.85041195527621,63.0
point_gbdt_safety,HOBBIES_1_418_TX_1,2586.074645012881,2586.074645012881,0.0,0.0,1.0,1.0,0.0,33.15480314119078,17.0
point_gbdt_safety,HOBBIES_1_419_CA_4,2286.7735734600024,2286.7735734600024,0.0,0.0,1.0,1.0,0.0,29.317609916153877,5.0
point_gbdt_safety,HOBBIES_2_007_TX_3,2457.5686245539378,2457.5686245539378,0.0,0.0,1.0,1.0,0.0,31.507290058383816,29.0
point_gbdt_safety,HOBBIES_2_008_WI_3,2270.9813934092676,2270.9813934092676,0.0,0.0,1.0,1.0,0.0,29.115146069349585,19.0
point_gbdt_safety,HOBBIES_2_009_WI_2,2268.1382872344257,2268.1382872344257,0.0,0.0,1.0,1.0,0.0,29.078695990184944,7.0
point_gbdt_safety,HOBBIES_2_012_TX_2,2339.022231105678,2339.022231105678,0.0,0.0,1.0,1.0,0.0,29.98746450135485,11.0
point_gbdt_safety,HOBBIES_2_014_WI_1,2279.8302899691607,2279.8302899691607,0.0,0.0,1.0,1.0,0.0,29.228593461143085,12.0
point_gbdt_safety,HOBBIES_2_018_CA_2,2369.3792547021053,2369.3792547021053,0.0,0.0,1.0,1.0,0.0,30.376657111565454,19.0
point_gbdt_safety,HOBBIES_2_030_TX_2,2274.083992743883,2274.083992743883,0.0,0.0,1.0,1.0,0.0,29.154922983895933,11.0
point_gbdt_safety,HOBBIES_2_030_WI_2,2231.1205849268918,2231.1205849268918,0.0,0.0,1.0,1.0,0.0,28.60411006316528,0.0
point_gbdt_safety,HOBBIES_2_031_CA_2,2376.6994262710623,2376.6994262710623,0.0,0.0,1.0,1.0,0.0,30.47050546501362,26.0
point_gbdt_safety,HOBBIES_2_035_CA_2,2381.2474440224128,2381.2474440224128,0.0,0.0,1.0,1.0,0.0,30.528813384902726,11.0
point_gbdt_safety,HOBBIES_2_038_CA_2,2320.210079056674,2320.210079056674,0.0,0.0,1.0,1.0,0.0,29.746283064829157,26.0
point_gbdt_safety,HOBBIES_2_040_TX_1,2669.6506055955597,2669.6506055955597,0.0,0.0,1.0,1.0,0.0,34.22628981532769,7.0
point_gbdt_safety,HOBBIES_2_041_TX_2,1990.5384169556673,1990.5384169556673,0.0,0.0,1.0,1.0,0.0,25.51972329430343,49.0
point_gbdt_safety,HOBBIES_2_042_TX_2,2399.983535053291,2399.983535053291,0.0,0.0,1.0,1.0,0.0,30.769019680170395,30.0
point_gbdt_safety,HOBBIES_2_045_CA_4,2301.86381486669,2301.86381486669,0.0,0.0,1.0,1.0,0.0,29.51107454957295,13.0
point_gbdt_safety,HOBBIES_2_050_WI_2,2253.272751584474,2253.272751584474,0.0,0.0,1.0,1.0,0.0,28.88811219980095,9.0
point_gbdt_safety,HOBBIES_2_056_WI_3,2402.7644906133223,2402.7644906133223,0.0,0.0,1.0,1.0,0.0,30.804672956581054,3.0
point_gbdt_safety,HOBBIES_2_061_TX_3,2232.8287822776792,2232.8287822776792,0.0,0.0,1.0,1.0,0.0,28.626010029201016,11.0
point_gbdt_safety,HOBBIES_2_072_TX_2,2410.804104350895,2410.804104350895,0.0,0.0,1.0,1.0,0.0,30.90774492757558,6.0
point_gbdt_safety,HOBBIES_2_074_CA_1,2329.696033009987,2329.696033009987,0.0,0.0,1.0,1.0,0.0,29.867897859102396,7.0
point_gbdt_safety,HOBBIES_2_074_CA_3,2376.143314521097,2376.143314521097,0.0,0.0,1.0,1.0,0.0,30.463375827193552,10.0
point_gbdt_safety,HOBBIES_2_076_TX_3,2563.1668780326468,2563.1668780326468,0.0,0.0,1.0,1.0,0.0,32.86111382093137,41.0
point_gbdt_safety,HOBBIES_2_076_WI_1,2661.272682626988,2661.272682626988,0.0,0.0,1.0,1.0,0.0,34.118880546499845,19.0
point_gbdt_safety,HOBBIES_2_077_WI_1,2404.161739215188,2404.161739215188,0.0,0.0,1.0,1.0,0.0,30.822586400194716,0.0
point_gbdt_safety,HOBBIES_2_081_WI_3,2899.1673614678807,2899.1673614678807,0.0,0.0,1.0,1.0,0.0,37.16881232651129,10.0
point_gbdt_safety,HOBBIES_2_083_CA_1,2947.4674172453942,2947.4674172453942,0.0,0.0,1.0,1.0,0.0,37.78804381083839,7.0
point_gbdt_safety,HOBBIES_2_084_WI_3,2256.272284100929,2256.272284100929,0.0,0.0,1.0,1.0,0.0,28.926567744883705,10.0
point_gbdt_safety,HOBBIES_2_086_CA_4,2392.976537874365,2392.976537874365,0.0,0.0,1.0,1.0,0.0,30.67918638300468,3.0
point_gbdt_safety,HOBBIES_2_103_TX_1,2231.61414744755,2231.61414744755,0.0,0.0,1.0,1.0,0.0,28.6104377877891,38.0
point_gbdt_safety,HOBBIES_2_107_WI_3,2393.807119085372,2393.807119085372,0.0,0.0,1.0,1.0,0.0,30.689834860068874,4.0
point_gbdt_safety,HOBBIES_2_114_CA_4,2274.002231882318,2274.002231882318,0.0,0.0,1.0,1.0,0.0,29.153874767722026,9.0
point_gbdt_safety,HOBBIES_2_115_TX_1,2310.25226273387,2310.25226273387,0.0,0.0,1.0,1.0,0.0,29.618618752998334,56.0
point_gbdt_safety,HOBBIES_2_116_CA_1,2354.9422883230836,2354.9422883230836,0.0,0.0,1.0,1.0,0.0,30.191567799013892,22.0
point_gbdt_safety,HOBBIES_2_116_CA_2,2293.208797374858,2293.208797374858,0.0,0.0,1.0,1.0,0.0,29.400112786857154,27.0
point_gbdt_safety,HOBBIES_2_117_TX_1,2679.3866425132,2679.3866425132,0.0,0.0,1.0,1.0,0.0,34.351110801451284,31.0
point_gbdt_safety,HOBBIES_2_118_WI_2,2201.846266890703,2201.846266890703,0.0,0.0,1.0,1.0,0.0,28.228798293470554,0.0
point_gbdt_safety,HOBBIES_2_122_CA_2,3194.4210391035676,3194.4210391035676,0.0,0.0,1.0,1.0,0.0,40.954115885943175,10.0
point_gbdt_safety,HOBBIES_2_122_TX_1,2805.269161011204,2805.269161011204,0.0,0.0,1.0,1.0,0.0,35.964989243733385,23.0
point_gbdt_safety,HOBBIES_2_123_TX_1,2287.773377650283,2287.773377650283,0.0,0.0,1.0,1.0,0.0,29.33042791859337,16.0
point_gbdt_safety,HOBBIES_2_124_TX_3,2700.545748453543,2597.931565259302,102.61418319424149,0.0,0.6689865058250275,0.9615384615384616,0.038461538461538464,33.306814939221816,62.0
point_gbdt_safety,HOBBIES_2_128_TX_1,2233.333111268401,2233.333111268401,0.0,0.0,1.0,1.0,0.0,28.632475785492318,10.0
point_gbdt_safety,HOBBIES_2_129_WI_1,3018.7012142610697,3018.7012142610697,0.0,0.0,1.0,1.0,0.0,38.701297618731665,24.0
point_gbdt_safety,HOBBIES_2_132_CA_1,2301.2680664011377,2301.2680664011377,0.0,0.0,1.0,1.0,0.0,29.503436748732536,54.0
point_gbdt_safety,HOBBIES_2_133_CA_3,2729.0068807472135,2729.0068807472135,0.0,0.0,1.0,1.0,0.0,34.987267701887355,30.0
point_gbdt_safety,HOBBIES_2_134_TX_3,2397.6982701197217,2397.6982701197217,0.0,0.0,1.0,1.0,0.0,30.739721411791304,10.0
point_gbdt_safety,HOBBIES_2_137_CA_2,2606.853281482919,2606.853281482919,0.0,0.0,1.0,1.0,0.0,33.42119591644768,0.0
point_gbdt_safety,HOBBIES_2_144_WI_1,2360.93247852064,2360.93247852064,0.0,0.0,1.0,1.0,0.0,30.268365109238974,10.0
point_gbdt_safety,HOUSEHOLD_1_005_CA_4,2168.7960946750463,2168.7960946750463,0.0,0.0,1.0,1.0,0.0,27.805078136859567,62.0
point_gbdt_safety,HOUSEHOLD_1_006_CA_4,2329.2473769653548,2329.2473769653548,0.0,0.0,1.0,1.0,0.0,29.86214585853019,52.0
point_gbdt_safety,HOUSEHOLD_1_006_WI_2,2318.9645154715463,2318.9645154715463,0.0,0.0,1.0,1.0,0.0,29.73031430091726,43.0
point_gbdt_safety,HOUSEHOLD_1_008_WI_3,2073.891820660665,2073.891820660665,0.0,0.0,1.0,1.0,0.0,26.58835667513673,25.0
point_gbdt_safety,HOUSEHOLD_1_010_CA_2,2745.9709712684644,2745.9709712684644,0.0,0.0,1.0,1.0,0.0,35.20475604190339,65.0
point_gbdt_safety,HOUSEHOLD_1_013_CA_3,2517.5998654124874,2517.5998654124874,0.0,0.0,1.0,1.0,0.0,32.27692135144215,120.0
point_gbdt_safety,HOUSEHOLD_1_014_CA_2,2747.0897763310263,2747.0897763310263,0.0,0.0,1.0,1.0,0.0,35.219099696551616,125.0
point_gbdt_safety,HOUSEHOLD_1_014_WI_3,2277.0093863939965,2277.0093863939965,0.0,0.0,1.0,1.0,0.0,29.192428030692263,36.0
point_gbdt_safety,HOUSEHOLD_1_015_WI_2,2372.118943254735,2372.118943254735,0.0,0.0,1.0,1.0,0.0,30.41178132377865,1.0
point_gbdt_safety,HOUSEHOLD_1_020_WI_1,2273.484637802229,2273.484637802229,0.0,0.0,1.0,1.0,0.0,29.147238946182423,72.0
point_gbdt_safety,HOUSEHOLD_1_021_WI_2,1626.1078996336855,1453.7974642710076,172.31043536267794,0.0,0.8137184482565645,0.8333333333333334,0.16666666666666666,18.638429029115482,185.0
point_gbdt_safety,HOUSEHOLD_1_024_CA_2,2517.1486489629697,2517.1486489629697,0.0,0.0,1.0,1.0,0.0,32.27113652516628,88.0
point_gbdt_safety,HOUSEHOLD_1_026_CA_2,2191.67048313705,2096.515222710529,95.15526042652054,0.0,0.8659785064415203,0.9102564102564102,0.08974358974358974,26.87840029116063,142.0
point_gbdt_safety,HOUSEHOLD_1_029_CA_2,2648.812825805025,2648.812825805025,0.0,0.0,1.0,1.0,0.0,33.959138792372116,117.0
point_gbdt_safety,HOUSEHOLD_1_032_WI_1,2371.208015540545,2371.208015540545,0.0,0.0,1.0,1.0,0.0,30.40010276334032,57.0
point_gbdt_safety,HOUSEHOLD_1_033_TX_2,2851.610175139177,2851.610175139177,0.0,0.0,1.0,1.0,0.0,36.55910480947663,110.0
point_gbdt_safety,HOUSEHOLD_1_034_WI_1,2357.859676686392,2357.859676686392,0.0,0.0,1.0,1.0,0.0,30.228970213928104,18.0
point_gbdt_safety,HOUSEHOLD_1_043_CA_3,2143.5771222704348,2143.5771222704348,0.0,0.0,1.0,1.0,0.0,27.481757977826085,90.0
point_gbdt_safety,HOUSEHOLD_1_049_CA_1,3510.0,3510.0,0.0,0.0,1.0,1.0,0.0,45.0,0.0
point_gbdt_safety,HOUSEHOLD_1_049_WI_1,2236.735098474897,2236.735098474897,0.0,0.0,1.0,1.0,0.0,28.67609100608842,0.0
point_gbdt_safety,HOUSEHOLD_1_051_WI_1,2852.99022683359,2852.99022683359,0.0,0.0,1.0,1.0,0.0,36.57679777991782,264.0
point_gbdt_safety,HOUSEHOLD_1_058_CA_3,2847.908253564408,2836.3436208827848,11.564632681622982,0.0,0.9896744351056938,0.9871794871794872,0.01282051282051282,36.3633797549075,224.0
point_gbdt_safety,HOUSEHOLD_1_068_TX_1,2311.0332839311027,2311.0332839311027,0.0,0.0,1.0,1.0,0.0,29.628631845270547,9.0
point_gbdt_safety,HOUSEHOLD_1_071_CA_1,2874.6680929030995,2746.952875609605,127.7152172934943,0.0,0.9274345356286964,0.9102564102564102,0.08974358974358974,35.217344559097505,352.0
point_gbdt_safety,HOUSEHOLD_1_071_TX_2,2459.1254144584104,2289.247862893194,169.8775515652163,0.0,0.8982769152304093,0.8846153846153846,0.11538461538461539,29.34933157555377,334.0
point_gbdt_safety,HOUSEHOLD_1_079_WI_1,2221.32728923671,2215.8365919689336,5.490697267776241,0.0,0.9901068517697725,0.9871794871794872,0.01282051282051282,28.40816143549915,111.0
point_gbdt_safety,HOUSEHOLD_1_080_WI_1,2371.6780630194744,2371.6780630194744,0.0,0.0,1.0,1.0,0.0,30.406129013070185,25.0
point_gbdt_safety,HOUSEHOLD_1_080_WI_2,2329.6206478481226,2329.6206478481226,0.0,0.0,1.0,1.0,0.0,29.866931382668238,45.0
point_gbdt_safety,HOUSEHOLD_1_083_TX_1,3782.3453740549962,3535.789100272657,246.5562737823393,0.0,0.9036889555537737,0.9230769230769231,0.07692307692307693,45.330629490675086,512.0
point_gbdt_safety,HOUSEHOLD_1_083_WI_3,4866.39896500776,4722.11902194005,144.2799430677107,0.0,0.9550529772374734,0.9487179487179487,0.05128205128205128,60.539987460769865,642.0
point_gbdt_safety,HOUSEHOLD_1_088_TX_3,2323.6104167207386,2323.6104167207386,0.0,0.0,1.0,1.0,0.0,29.789877137445366,63.0
point_gbdt_safety,HOUSEHOLD_1_091_WI_3,2254.383085931163,2254.383085931163,0.0,0.0,1.0,1.0,0.0,28.90234725552773,15.0
point_gbdt_safety,HOUSEHOLD_1_093_CA_2,2357.031798752198,2357.031798752198,0.0,0.0,1.0,1.0,0.0,30.21835639425895,100.0
point_gbdt_safety,HOUSEHOLD_1_095_TX_2,2222.1209432428063,2222.1209432428063,0.0,0.0,1.0,1.0,0.0,28.48873004157444,13.0
point_gbdt_safety,HOUSEHOLD_1_095_TX_3,2254.1667930114304,2254.1667930114304,0.0,0.0,1.0,1.0,0.0,28.899574269377315,13.0
point_gbdt_safety,HOUSEHOLD_1_096_WI_2,3823.713499174773,2930.5535622712205,893.1599369035525,0.0,0.7847807380955294,0.7435897435897436,0.2564102564102564,37.571199516297696,830.0
point_gbdt_safety,HOUSEHOLD_1_098_CA_4,2218.3297797071027,2218.3297797071027,0.0,0.0,1.0,1.0,0.0,28.44012538086029,13.0
point_gbdt_safety,HOUSEHOLD_1_102_WI_3,2172.424286013319,2159.66018119594,12.76410481737905,0.0,0.9747245449160811,0.9871794871794872,0.01282051282051282,27.687951040973587,101.0
point_gbdt_safety,HOUSEHOLD_1_106_TX_3,2829.7531225582943,2105.5253202056315,724.2278023526629,0.0,0.7621583571912436,0.7564102564102564,0.24358974358974358,26.99391436161066,609.0
point_gbdt_safety,HOUSEHOLD_1_119_TX_2,2934.824632302961,2934.824632302961,0.0,0.0,1.0,1.0,0.0,37.62595682439694,170.0
point_gbdt_safety,HOUSEHOLD_1_120_CA_2,2441.6062842029305,2441.6062842029305,0.0,0.0,1.0,1.0,0.0,31.30264466926834,35.0
point_gbdt_safety,HOUSEHOLD_1_127_WI_1,2250.632632603154,2250.632632603154,0.0,0.0,1.0,1.0,0.0,28.854264520553254,35.0
point_gbdt_safety,HOUSEHOLD_1_128_WI_2,2537.804543471394,2527.804543471394,10.0,0.0,0.9886363636363636,0.9743589743589743,0.02564102564102564,32.40775055732556,176.0
point_gbdt_safety,HOUSEHOLD_1_131_CA_1,2301.08415069441,2301.08415069441,0.0,0.0,1.0,1.0,0.0,29.501078855056537,55.0
point_gbdt_safety,HOUSEHOLD_1_131_TX_1,2024.3345265476835,2024.3345265476835,0.0,0.0,1.0,1.0,0.0,25.953006750611326,67.0
point_gbdt_safety,HOUSEHOLD_1_136_WI_3,2633.139407099086,2633.139407099086,0.0,0.0,1.0,1.0,0.0,33.75819752691136,131.0
point_gbdt_safety,HOUSEHOLD_1_145_CA_2,2903.4101605795186,2903.4101605795186,0.0,0.0,1.0,1.0,0.0,37.2232071869169,233.0
point_gbdt_safety,HOUSEHOLD_1_155_WI_3,2168.504591742845,2168.504591742845,0.0,0.0,1.0,1.0,0.0,27.801340919780067,34.0
point_gbdt_safety,HOUSEHOLD_1_157_WI_1,2519.0236191720724,2519.0236191720724,0.0,0.0,1.0,1.0,0.0,32.29517460477016,23.0
point_gbdt_safety,HOUSEHOLD_1_158_CA_3,2408.5315625786384,2408.5315625786384,0.0,0.0,1.0,1.0,0.0,30.87860977664921,74.0
point_gbdt_safety,HOUSEHOLD_1_160_WI_2,2142.3202931934156,2108.7555529930073,33.56474020040821,0.0,0.9467226346025267,0.9487179487179487,0.05128205128205128,27.035327602474453,126.0
point_gbdt_safety,HOUSEHOLD_1_161_CA_2,2366.171866651985,2366.171866651985,0.0,0.0,1.0,1.0,0.0,30.335536751948528,72.0
point_gbdt_safety,HOUSEHOLD_1_162_TX_1,3705.8875235552705,3705.8875235552705,0.0,0.0,1.0,1.0,0.0,47.511378507118856,38.0
point_gbdt_safety,HOUSEHOLD_1_163_CA_1,2339.3432136117726,2339.3432136117726,0.0,0.0,1.0,1.0,0.0,29.991579661689393,22.0
point_gbdt_safety,HOUSEHOLD_1_165_CA_1,2323.2254220911705,2323.2254220911705,0.0,0.0,1.0,1.0,0.0,29.78494130886116,40.0
point_gbdt_safety,HOUSEHOLD_1_165_TX_1,2692.7393135863804,2692.7393135863804,0.0,0.0,1.0,1.0,0.0,34.52229889213308,77.0
point_gbdt_safety,HOUSEHOLD_1_167_WI_1,2365.3003203552394,2365.3003203552394,0.0,0.0,1.0,1.0,0.0,30.32436308147743,32.0
point_gbdt_safety,HOUSEHOLD_1_175_TX_2,2244.2148791165287,2244.2148791165287,0.0,0.0,1.0,1.0,0.0,28.771985629699085,134.0
point_gbdt_safety,HOUSEHOLD_1_175_WI_3,2171.317919891235,2171.317919891235,0.0,0.0,1.0,1.0,0.0,27.837409229374806,33.0
point_gbdt_safety,HOUSEHOLD_1_185_WI_3,2039.0684587166504,2039.0684587166504,0.0,0.0,1.0,1.0,0.0,26.141903316880132,91.0
point_gbdt_safety,HOUSEHOLD_1_186_WI_2,2386.3418640429763,2174.7747106752963,211.56715336768022,0.0,0.8977936457160967,0.8974358974358975,0.10256410256410256,27.881727059939696,414.0
point_gbdt_safety,HOUSEHOLD_1_188_TX_2,2407.876884380649,2407.876884380649,0.0,0.0,1.0,1.0,0.0,30.870216466418576,52.0
point_gbdt_safety,HOUSEHOLD_1_190_WI_3,2221.8802073600054,2221.8802073600054,0.0,0.0,1.0,1.0,0.0,28.485643684102634,66.0
point_gbdt_safety,HOUSEHOLD_1_191_TX_3,3384.0310537506516,3384.0310537506516,0.0,0.0,1.0,1.0,0.0,43.38501350962374,86.0
point_gbdt_safety,HOUSEHOLD_1_194_CA_1,2459.096489875173,2459.096489875173,0.0,0.0,1.0,1.0,0.0,31.52687807532273,35.0
point_gbdt_safety,HOUSEHOLD_1_195_CA_2,2479.7466416560296,2479.7466416560296,0.0,0.0,1.0,1.0,0.0,31.79162361097474,31.0
point_gbdt_safety,HOUSEHOLD_1_201_TX_2,2811.6985909005475,2811.6985909005475,0.0,0.0,1.0,1.0,0.0,36.0474178320583,23.0
point_gbdt_safety,HOUSEHOLD_1_205_WI_3,2584.5778972087,2584.5778972087,0.0,0.0,1.0,1.0,0.0,33.1356140667782,56.0
point_gbdt_safety,HOUSEHOLD_1_206_CA_4,2535.6895646383405,2535.6895646383405,0.0,0.0,1.0,1.0,0.0,32.50884057228642,8.0
point_gbdt_safety,HOUSEHOLD_1_207_TX_1,2415.7024802336346,2415.7024802336346,0.0,0.0,1.0,1.0,0.0,30.97054461837993,28.0
point_gbdt_safety,HOUSEHOLD_1_208_WI_3,2811.587788170761,2811.587788170761,0.0,0.0,1.0,1.0,0.0,36.04599728424053,156.0
point_gbdt_safety,HOUSEHOLD_1_211_TX_2,2313.72816274616,2313.72816274616,0.0,0.0,1.0,1.0,0.0,29.663181573668716,49.0
point_gbdt_safety,HOUSEHOLD_1_212_WI_2,2436.1265243375483,2436.1265243375483,0.0,0.0,1.0,1.0,0.0,31.232391337660875,98.0
point_gbdt_safety,HOUSEHOLD_1_216_TX_1,2280.0126586297747,2280.0126586297747,0.0,0.0,1.0,1.0,0.0,29.230931520894547,9.0
point_gbdt_safety,HOUSEHOLD_1_217_WI_3,2294.43634903867,2294.43634903867,0.0,0.0,1.0,1.0,0.0,29.4158506287009,81.0
point_gbdt_safety,HOUSEHOLD_1_218_CA_1,2564.04721200343,2564.04721200343,0.0,0.0,1.0,1.0,0.0,32.872400153890126,74.0
point_gbdt_safety,HOUSEHOLD_1_219_TX_3,2095.348904920818,2095.348904920818,0.0,0.0,1.0,1.0,0.0,26.863447498984844,57.0
point_gbdt_safety,HOUSEHOLD_1_220_TX_3,2251.794594286306,2251.794594286306,0.0,0.0,1.0,1.0,0.0,28.869161465209054,110.0
point_gbdt_safety,HOUSEHOLD_1_221_CA_2,2324.583019274737,2324.583019274737,0.0,0.0,1.0,1.0,0.0,29.802346400958168,74.0
point_gbdt_safety,HOUSEHOLD_1_224_WI_2,2283.6904678350234,2283.6904678350234,0.0,0.0,1.0,1.0,0.0,29.27808292096184,65.0
point_gbdt_safety,HOUSEHOLD_1_225_CA_4,2437.166055652098,2437.166055652098,0.0,0.0,1.0,1.0,0.0,31.245718662206382,58.0
point_gbdt_safety,HOUSEHOLD_1_225_TX_2,2723.8673391832717,2723.8673391832717,0.0,0.0,1.0,1.0,0.0,34.92137614337528,202.0
point_gbdt_safety,HOUSEHOLD_1_230_TX_3,2318.041163948138,2318.041163948138,0.0,0.0,1.0,1.0,0.0,29.718476460873564,18.0
point_gbdt_safety,HOUSEHOLD_1_238_CA_3,2284.3234087590727,2284.3234087590727,0.0,0.0,1.0,1.0,0.0,29.28619754819324,187.0
point_gbdt_safety,HOUSEHOLD_1_244_CA_3,2144.578393524401,2144.578393524401,0.0,0.0,1.0,1.0,0.0,27.494594788774368,155.0
point_gbdt_safety,HOUSEHOLD_1_246_CA_2,3553.237251792767,3341.095562871015,212.14168892175223,0.0,0.9156494278641144,0.9358974358974359,0.0641025641025641,42.83455849834635,503.0
point_gbdt_safety,HOUSEHOLD_1_248_CA_4,2269.776714994245,2269.776714994245,0.0,0.0,1.0,1.0,0.0,29.099701474285194,33.0
point_gbdt_safety,HOUSEHOLD_1_249_WI_3,2205.812636247352,2205.812636247352,0.0,0.0,1.0,1.0,0.0,28.27964918265836,40.0
point_gbdt_safety,HOUSEHOLD_1_264_TX_3,2351.104414118609,2351.104414118609,0.0,0.0,1.0,1.0,0.0,30.142364283571908,23.0
point_gbdt_safety,HOUSEHOLD_1_265_CA_3,2232.1746631894252,2232.1746631894252,0.0,0.0,1.0,1.0,0.0,28.617623887043912,51.0
point_gbdt_safety,HOUSEHOLD_1_272_CA_3,19610.20000000001,19610.20000000001,0.0,0.0,1.0,1.0,0.0,251.41282051282067,186.0
point_gbdt_safety,HOUSEHOLD_1_298_TX_3,2716.2101099445376,2716.2101099445376,0.0,0.0,1.0,1.0,0.0,34.82320653775048,38.0
point_gbdt_safety,HOUSEHOLD_1_304_CA_3,2971.8458403523064,2292.9770767113732,678.8687636409334,0.0,0.8302828090897667,0.8076923076923077,0.19230769230769232,29.39714200912017,800.0
point_gbdt_safety,HOUSEHOLD_1_304_CA_4,2198.6123777541225,2197.0343007135953,1.578077040527397,0.0,0.9978958972792967,0.9871794871794872,0.01282051282051282,28.167106419405066,150.0
point_gbdt_safety,HOUSEHOLD_1_309_TX_2,2303.7771058769627,2303.7771058769627,0.0,0.0,1.0,1.0,0.0,29.535603921499522,20.0
point_gbdt_safety,HOUSEHOLD_1_314_TX_3,2444.4862200919097,2444.4862200919097,0.0,0.0,1.0,1.0,0.0,31.33956692425525,54.0
point_gbdt_safety,HOUSEHOLD_1_317_CA_1,2807.896762380302,2807.896762380302,0.0,0.0,1.0,1.0,0.0,35.9986764407731,100.0
point_gbdt_safety,HOUSEHOLD_1_317_TX_3,2584.673960383505,2584.673960383505,0.0,0.0,1.0,1.0,0.0,33.13684564594237,63.0
point_gbdt_safety,HOUSEHOLD_1_320_WI_3,2165.0350219319494,2165.0350219319494,0.0,0.0,1.0,1.0,0.0,27.75685925553781,32.0
point_gbdt_safety,HOUSEHOLD_1_332_WI_3,2388.5289220460345,2388.5289220460345,0.0,0.0,1.0,1.0,0.0,30.62216566725685,5.0
point_gbdt_safety,HOUSEHOLD_1_333_WI_2,2215.880348195051,2215.880348195051,0.0,0.0,1.0,1.0,0.0,28.40872241275706,44.0
point_gbdt_safety,HOUSEHOLD_1_338_WI_1,2272.1404459577375,2272.1404459577375,0.0,0.0,1.0,1.0,0.0,29.130005717406892,77.0
point_gbdt_safety,HOUSEHOLD_1_342_TX_2,2312.3947075419787,2312.3947075419787,0.0,0.0,1.0,1.0,0.0,29.646085994127933,73.0
point_gbdt_safety,HOUSEHOLD_1_344_CA_1,2532.1099778650596,2532.1099778650596,0.0,0.0,1.0,1.0,0.0,32.46294843416743,45.0
point_gbdt_safety,HOUSEHOLD_1_344_TX_1,2598.763059663701,2510.3139206647634,88.44913899893761,0.0,0.9381474552454983,0.9487179487179487,0.05128205128205128,32.1835118033944,286.0
point_gbdt_safety,HOUSEHOLD_1_349_TX_2,2649.2798235739524,2649.2798235739524,0.0,0.0,1.0,1.0,0.0,33.9651259432558,86.0
point_gbdt_safety,HOUSEHOLD_1_361_WI_3,2542.393113716297,2542.393113716297,0.0,0.0,1.0,1.0,0.0,32.594783509183294,174.0
point_gbdt_safety,HOUSEHOLD_1_368_TX_3,2503.5511613307112,2503.5511613307112,0.0,0.0,1.0,1.0,0.0,32.096809760650146,4.0
point_gbdt_safety,HOUSEHOLD_1_369_CA_1,2007.4833103602564,2007.4833103602564,0.0,0.0,1.0,1.0,0.0,25.736965517439184,178.0
point_gbdt_safety,HOUSEHOLD_1_371_CA_1,2472.0278614473564,2472.0278614473564,0.0,0.0,1.0,1.0,0.0,31.692664890350724,116.0
point_gbdt_safety,HOUSEHOLD_1_377_TX_1,2197.137519546576,2197.137519546576,0.0,0.0,1.0,1.0,0.0,28.168429737776616,17.0
point_gbdt_safety,HOUSEHOLD_1_380_CA_1,2326.728615394611,2326.728615394611,0.0,0.0,1.0,1.0,0.0,29.829854043520655,67.0
point_gbdt_safety,HOUSEHOLD_1_384_CA_2,2241.138221484478,2241.138221484478,0.0,0.0,1.0,1.0,0.0,28.73254130108305,65.0
point_gbdt_safety,HOUSEHOLD_1_385_CA_3,3417.3470131065337,3354.590024967888,62.756988138645795,0.0,0.9647432650906484,0.9615384615384616,0.038461538461538464,43.00756442266523,356.0
point_gbdt_safety,HOUSEHOLD_1_386_CA_2,1739.7670086382573,1719.5560871572895,20.21092148096777,0.0,0.9674017395468262,0.9615384615384616,0.038461538461538464,22.04559086099089,124.0
point_gbdt_safety,HOUSEHOLD_1_389_CA_1,4100.498248948557,3941.621299070632,158.87694987792543,0.0,0.9034182675514131,0.9487179487179487,0.05128205128205128,50.53360639834144,329.0
point_gbdt_safety,HOUSEHOLD_1_390_WI_2,2414.833801392373,2414.833801392373,0.0,0.0,1.0,1.0,0.0,30.95940771015863,164.0
point_gbdt_safety,HOUSEHOLD_1_394_CA_3,2403.698699000648,2403.698699000648,0.0,0.0,1.0,1.0,0.0,30.816649987187795,85.0
point_gbdt_safety,HOUSEHOLD_1_395_CA_3,2265.5740556615106,2265.5740556615106,0.0,0.0,1.0,1.0,0.0,29.045821226429624,69.0
point_gbdt_safety,HOUSEHOLD_1_396_TX_1,2370.9456085593692,2370.9456085593692,0.0,0.0,1.0,1.0,0.0,30.396738571273964,109.0
point_gbdt_safety,HOUSEHOLD_1_397_WI_1,1969.764903519444,1910.3746862057094,59.39021731373458,0.0,0.9309416077747272,0.9358974358974359,0.0641025641025641,24.491983156483453,172.0
point_gbdt_safety,HOUSEHOLD_1_398_CA_4,2101.1213574025983,2101.1213574025983,0.0,0.0,1.0,1.0,0.0,26.93745330003331,30.0
point_gbdt_safety,HOUSEHOLD_1_399_TX_3,2494.657430127632,1741.6439092881428,753.013520839489,0.0,0.7555150906365297,0.7564102564102564,0.24358974358974358,22.3287680677967,616.0
point_gbdt_safety,HOUSEHOLD_1_401_CA_2,2247.7557708419,2247.7557708419,0.0,0.0,1.0,1.0,0.0,28.817381677460254,22.0
point_gbdt_safety,HOUSEHOLD_1_402_TX_2,2211.8141527608964,2211.8141527608964,0.0,0.0,1.0,1.0,0.0,28.356591702062776,27.0
point_gbdt_safety,HOUSEHOLD_1_404_TX_2,2495.2817012121554,2495.2817012121554,0.0,0.0,1.0,1.0,0.0,31.99079104118148,60.0
point_gbdt_safety,HOUSEHOLD_1_407_CA_4,2163.150451645345,2163.150451645345,0.0,0.0,1.0,1.0,0.0,27.732698098017245,33.0
point_gbdt_safety,HOUSEHOLD_1_411_WI_3,2704.340965306702,2704.340965306702,0.0,0.0,1.0,1.0,0.0,34.67103801675259,111.0
point_gbdt_safety,HOUSEHOLD_1_415_CA_3,2459.8267636110513,2459.8267636110513,0.0,0.0,1.0,1.0,0.0,31.53624055911604,62.0
point_gbdt_safety,HOUSEHOLD_1_419_WI_2,2310.25446715618,2310.25446715618,0.0,0.0,1.0,1.0,0.0,29.61864701482282,15.0
point_gbdt_safety,HOUSEHOLD_1_421_WI_3,2434.966977707169,2434.966977707169,0.0,0.0,1.0,1.0,0.0,31.217525355220115,67.0
point_gbdt_safety,HOUSEHOLD_1_423_CA_4,2295.7407815322545,2295.7407815322545,0.0,0.0,1.0,1.0,0.0,29.43257412220839,13.0
point_gbdt_safety,HOUSEHOLD_1_425_CA_4,2361.447454787196,2361.447454787196,0.0,0.0,1.0,1.0,0.0,30.274967369066616,82.0
point_gbdt_safety,HOUSEHOLD_1_431_TX_2,2540.393982610406,2528.641590605028,11.752392005377956,0.0,0.9883060776065892,0.9743589743589743,0.02564102564102564,32.41848193083369,201.0
point_gbdt_safety,HOUSEHOLD_1_433_WI_1,2249.4063629803445,2249.4063629803445,0.0,0.0,1.0,1.0,0.0,28.838543115132623,15.0
point_gbdt_safety,HOUSEHOLD_1_437_WI_1,2037.5041265366604,2037.5041265366604,0.0,0.0,1.0,1.0,0.0,26.12184777611103,226.0
point_gbdt_safety,HOUSEHOLD_1_439_WI_3,4090.408097030603,4090.408097030603,0.0,0.0,1.0,1.0,0.0,52.4411294491103,98.0
point_gbdt_safety,HOUSEHOLD_1_442_CA_4,2139.372050550969,2139.372050550969,0.0,0.0,1.0,1.0,0.0,27.4278468019355,57.0
point_gbdt_safety,HOUSEHOLD_1_445_TX_3,1780.5807385763185,1748.1647529747922,32.415985601526245,0.0,0.9645726933316653,0.9358974358974359,0.0641025641025641,22.412368627881953,183.0
point_gbdt_safety,HOUSEHOLD_1_448_CA_4,2569.06706163022,2569.06706163022,0.0,0.0,1.0,1.0,0.0,32.93675720038743,126.0
point_gbdt_safety,HOUSEHOLD_1_450_TX_2,2242.0366409353883,2242.0366409353883,0.0,0.0,1.0,1.0,0.0,28.744059499171644,73.0
point_gbdt_safety,HOUSEHOLD_1_458_CA_2,2118.040745646774,2118.040745646774,0.0,0.0,1.0,1.0,0.0,27.154368533933003,157.0
point_gbdt_safety,HOUSEHOLD_1_459_WI_2,14433.813838035536,11194.731504833924,3239.082333201611,0.0,0.7251521142807288,0.7307692307692307,0.2692307692307692,143.5221987799221,2357.0
point_gbdt_safety,HOUSEHOLD_1_462_WI_1,3563.724622268433,3542.2692055698285,21.4554166986046,0.0,0.9483002007262539,0.9743589743589743,0.02564102564102564,45.41370776371575,83.0
point_gbdt_safety,HOUSEHOLD_1_467_CA_1,2330.5587848550513,2330.5587848550513,0.0,0.0,1.0,1.0,0.0,29.878958780192963,58.0
point_gbdt_safety,HOUSEHOLD_1_473_WI_2,4328.897156498237,3833.78185216917,495.1153043290661,0.0,0.8315934339016783,0.8333333333333334,0.16666666666666666,49.15104938678423,588.0
point_gbdt_safety,HOUSEHOLD_1_474_TX_2,6318.018166023831,5208.650867046291,1109.3672989775405,0.0,0.7531997110172324,0.7051282051282052,0.2948717948717949,66.7775752185422,899.0
point_gbdt_safety,HOUSEHOLD_1_481_CA_1,2084.409764597094,2084.409764597094,0.0,0.0,1.0,1.0,0.0,26.723202110219155,137.0
point_gbdt_safety,HOUSEHOLD_1_482_WI_1,2343.587041894387,2343.587041894387,0.0,0.0,1.0,1.0,0.0,30.045987716594702,64.0
point_gbdt_safety,HOUSEHOLD_1_491_TX_1,2218.901243019903,2218.901243019903,0.0,0.0,1.0,1.0,0.0,28.447451833588502,69.0
point_gbdt_safety,HOUSEHOLD_1_491_WI_3,2237.926174308077,2237.926174308077,0.0,0.0,1.0,1.0,0.0,28.69136120907791,50.0
point_gbdt_safety,HOUSEHOLD_1_492_WI_2,2458.2314966746235,2458.2314966746235,0.0,0.0,1.0,1.0,0.0,31.51578841890543,13.0
point_gbdt_safety,HOUSEHOLD_1_494_CA_2,2794.3938149863475,2794.3938149863475,0.0,0.0,1.0,1.0,0.0,35.825561730594195,219.0
point_gbdt_safety,HOUSEHOLD_1_494_TX_1,2218.618159893167,2156.2452273890117,62.37293250415547,0.0,0.9563825646824088,0.9615384615384616,0.038461538461538464,27.644169581910408,286.0
point_gbdt_safety,HOUSEHOLD_1_500_TX_3,2264.9886017529143,2264.9886017529143,0.0,0.0,1.0,1.0,0.0,29.038315407088646,6.0
point_gbdt_safety,HOUSEHOLD_1_501_TX_3,2388.5485477710868,2388.5485477710868,0.0,0.0,1.0,1.0,0.0,30.622417279116497,7.0
point_gbdt_safety,HOUSEHOLD_1_503_WI_1,2156.304209758041,2156.304209758041,0.0,0.0,1.0,1.0,0.0,27.64492576612873,91.0
point_gbdt_safety,HOUSEHOLD_1_504_CA_3,2432.7137038110386,2432.7137038110386,0.0,0.0,1.0,1.0,0.0,31.18863722834665,32.0
point_gbdt_safety,HOUSEHOLD_1_504_WI_3,2586.7580349640284,2586.7580349640284,0.0,0.0,1.0,1.0,0.0,33.16356455082088,7.0
point_gbdt_safety,HOUSEHOLD_1_507_WI_3,2392.886666631969,2392.886666631969,0.0,0.0,1.0,1.0,0.0,30.678034187589347,11.0
point_gbdt_safety,HOUSEHOLD_1_510_CA_4,2386.849686056197,2386.849686056197,0.0,0.0,1.0,1.0,0.0,30.60063700072047,121.0
point_gbdt_safety,HOUSEHOLD_1_510_TX_1,2541.6675064068518,2541.6675064068518,0.0,0.0,1.0,1.0,0.0,32.585480851369894,78.0
point_gbdt_safety,HOUSEHOLD_1_520_CA_1,2243.0523745969426,2243.0523745969426,0.0,0.0,1.0,1.0,0.0,28.75708172560183,56.0
point_gbdt_safety,HOUSEHOLD_1_521_CA_2,4030.9600126188657,3573.9631617522996,456.99685086656615,0.0,0.78028997554492,0.8205128205128205,0.1794871794871795,45.82004053528589,416.0
point_gbdt_safety,HOUSEHOLD_1_521_TX_3,18091.18697018463,17914.923378986812,176.26359119781625,0.0,0.9586235701413577,0.9230769230769231,0.07692307692307693,229.6785048588053,852.0
point_gbdt_safety,HOUSEHOLD_1_527_WI_2,2244.64635545189,2237.63944815045,7.006907301440322,0.0,0.978103414682999,0.9871794871794872,0.01282051282051282,28.687685232698076,64.0
point_gbdt_safety,HOUSEHOLD_1_529_CA_2,2004.904361600709,2004.904361600709,0.0,0.0,1.0,1.0,0.0,25.703902071803963,95.0
point_gbdt_safety,HOUSEHOLD_1_531_TX_1,2278.29817058319,2278.29817058319,0.0,0.0,1.0,1.0,0.0,29.20895090491269,56.0
point_gbdt_safety,HOUSEHOLD_1_533_WI_1,2331.0128011838974,2331.0128011838974,0.0,0.0,1.0,1.0,0.0,29.88477950235766,39.0
point_gbdt_safety,HOUSEHOLD_1_534_CA_2,2394.3908632524867,2394.3908632524867,0.0,0.0,1.0,1.0,0.0,30.697318759647267,66.0
point_gbdt_safety,HOUSEHOLD_1_534_CA_4,2301.5230680888626,2301.5230680888626,0.0,0.0,1.0,1.0,0.0,29.506706001139264,45.0
point_gbdt_safety,HOUSEHOLD_1_534_TX_1,2371.518494649736,2371.518494649736,0.0,0.0,1.0,1.0,0.0,30.404083264740205,37.0
point_gbdt_safety,HOUSEHOLD_1_537_CA_3,3190.172408477553,3190.172408477553,0.0,0.0,1.0,1.0,0.0,40.89964626253273,187.0
point_gbdt_safety,HOUSEHOLD_1_537_TX_1,2432.060317493775,2432.060317493775,0.0,0.0,1.0,1.0,0.0,31.180260480689423,107.0
point_gbdt_safety,HOUSEHOLD_1_541_CA_2,2951.6808641891157,2951.6808641891157,0.0,0.0,1.0,1.0,0.0,37.842062361398916,192.0
point_gbdt_safety,HOUSEHOLD_2_001_WI_2,2228.7362915087624,2228.7362915087624,0.0,0.0,1.0,1.0,0.0,28.57354219883029,9.0
point_gbdt_safety,HOUSEHOLD_2_004_CA_4,2359.774990754212,2359.774990754212,0.0,0.0,1.0,1.0,0.0,30.2535255224899,6.0
point_gbdt_safety,HOUSEHOLD_2_008_WI_2,2417.911372086564,2417.911372086564,0.0,0.0,1.0,1.0,0.0,30.998863744699538,0.0
point_gbdt_safety,HOUSEHOLD_2_009_CA_1,2138.159513721865,2138.159513721865,0.0,0.0,1.0,1.0,0.0,27.412301457972628,39.0
point_gbdt_safety,HOUSEHOLD_2_010_CA_3,2500.3554169643126,2500.3554169643126,0.0,0.0,1.0,1.0,0.0,32.05583867902965,22.0
point_gbdt_safety,HOUSEHOLD_2_013_WI_3,2216.8117401300906,2216.8117401300906,0.0,0.0,1.0,1.0,0.0,28.420663335001162,10.0
point_gbdt_safety,HOUSEHOLD_2_015_CA_1,2330.394021681345,2330.394021681345,0.0,0.0,1.0,1.0,0.0,29.876846431812112,50.0
point_gbdt_safety,HOUSEHOLD_2_017_CA_1,2353.4829075495977,2353.4829075495977,0.0,0.0,1.0,1.0,0.0,30.172857789097407,29.0
point_gbdt_safety,HOUSEHOLD_2_021_CA_2,2532.93619410297,2532.93619410297,0.0,0.0,1.0,1.0,0.0,32.47354095003808,31.0
point_gbdt_safety,HOUSEHOLD_2_029_WI_2,2255.428921125886,2255.428921125886,0.0,0.0,1.0,1.0,0.0,28.91575539904982,47.0
point_gbdt_safety,HOUSEHOLD_2_032_WI_2,2550.419566409747,2550.419566409747,0.0,0.0,1.0,1.0,0.0,32.69768674884291,7.0
point_gbdt_safety,HOUSEHOLD_2_034_CA_2,2229.685369221127,2229.685369221127,0.0,0.0,1.0,1.0,0.0,28.58570986180932,18.0
point_gbdt_safety,HOUSEHOLD_2_034_CA_3,2536.484635131875,2536.484635131875,0.0,0.0,1.0,1.0,0.0,32.51903378374199,14.0
point_gbdt_safety,HOUSEHOLD_2_038_TX_1,2294.2754154721492,2294.2754154721492,0.0,0.0,1.0,1.0,0.0,29.413787377848067,11.0
point_gbdt_safety,HOUSEHOLD_2_042_WI_2,2437.7084830985136,2437.7084830985136,0.0,0.0,1.0,1.0,0.0,31.252672860237354,2.0
point_gbdt_safety,HOUSEHOLD_2_043_TX_2,2169.520593513953,2169.520593513953,0.0,0.0,1.0,1.0,0.0,27.814366583512218,17.0
point_gbdt_safety,HOUSEHOLD_2_045_CA_4,2181.911711372327,2181.911711372327,0.0,0.0,1.0,1.0,0.0,27.973227068875985,19.0
point_gbdt_safety,HOUSEHOLD_2_047_TX_2,2519.943931835431,2519.943931835431,0.0,0.0,1.0,1.0,0.0,32.30697348506963,40.0
point_gbdt_safety,HOUSEHOLD_2_057_WI_3,2338.04723982243,2338.04723982243,0.0,0.0,1.0,1.0,0.0,29.974964613108078,12.0
point_gbdt_safety,HOUSEHOLD_2_058_TX_2,2273.544982583279,2273.544982583279,0.0,0.0,1.0,1.0,0.0,29.148012597221523,44.0
point_gbdt_safety,HOUSEHOLD_2_063_TX_2,2273.4394171263903,2273.4394171263903,0.0,0.0,1.0,1.0,0.0,29.14665919392808,12.0
point_gbdt_safety,HOUSEHOLD_2_067_CA_2,2294.734805942435,2294.734805942435,0.0,0.0,1.0,1.0,0.0,29.419676999261984,108.0
point_gbdt_safety,HOUSEHOLD_2_073_WI_3,2330.4843644193184,2330.4843644193184,0.0,0.0,1.0,1.0,0.0,29.878004672042543,3.0
point_gbdt_safety,HOUSEHOLD_2_075_CA_4,2145.2714240386895,2145.2714240386895,0.0,0.0,1.0,1.0,0.0,27.503479795367813,38.0
point_gbdt_safety,HOUSEHOLD_2_075_WI_3,2381.1699181870513,2381.1699181870513,0.0,0.0,1.0,1.0,0.0,30.527819463936556,37.0
point_gbdt_safety,HOUSEHOLD_2_077_CA_3,2414.4413223215274,2414.4413223215274,0.0,0.0,1.0,1.0,0.0,30.95437592719907,9.0
point_gbdt_safety,HOUSEHOLD_2_079_TX_1,2261.3466225482325,2261.3466225482325,0.0,0.0,1.0,1.0,0.0,28.99162336600298,14.0
point_gbdt_safety,HOUSEHOLD_2_087_CA_3,2577.0001425557607,2577.0001425557607,0.0,0.0,1.0,1.0,0.0,33.0384633660995,7.0
point_gbdt_safety,HOUSEHOLD_2_089_TX_2,2307.8014443695247,2307.8014443695247,0.0,0.0,1.0,1.0,0.0,29.587198004737495,57.0
point_gbdt_safety,HOUSEHOLD_2_095_CA_2,2301.7784169172733,2301.7784169172733,0.0,0.0,1.0,1.0,0.0,29.509979704067607,40.0
point_gbdt_safety,HOUSEHOLD_2_095_TX_3,2226.8385345271945,2226.8385345271945,0.0,0.0,1.0,1.0,0.0,28.549211981117878,25.0
point_gbdt_safety,HOUSEHOLD_2_110_CA_1,2492.9921547367244,2492.9921547367244,0.0,0.0,1.0,1.0,0.0,31.961437881240055,167.0
point_gbdt_safety,HOUSEHOLD_2_120_TX_2,2237.664515949503,2237.664515949503,0.0,0.0,1.0,1.0,0.0,28.688006614737215,35.0
point_gbdt_safety,HOUSEHOLD_2_123_TX_1,2302.69553778039,2302.69553778039,0.0,0.0,1.0,1.0,0.0,29.521737663851155,42.0
point_gbdt_safety,HOUSEHOLD_2_129_CA_2,2298.502911257645,2298.502911257645,0.0,0.0,1.0,1.0,0.0,29.46798604176468,14.0
point_gbdt_safety,HOUSEHOLD_2_138_CA_3,2515.500070603797,2515.500070603797,0.0,0.0,1.0,1.0,0.0,32.25000090517689,4.0
point_gbdt_safety,HOUSEHOLD_2_139_TX_2,2057.8620275176763,2057.8620275176763,0.0,0.0,1.0,1.0,0.0,26.382846506636877,47.0
point_gbdt_safety,HOUSEHOLD_2_143_CA_1,2052.3197144031333,2052.3197144031333,0.0,0.0,1.0,1.0,0.0,26.31179121029658,22.0
point_gbdt_safety,HOUSEHOLD_2_146_WI_1,2260.737149891396,2260.737149891396,0.0,0.0,1.0,1.0,0.0,28.983809613992253,45.0
point_gbdt_safety,HOUSEHOLD_2_147_CA_3,2429.488084324431,2429.488084324431,0.0,0.0,1.0,1.0,0.0,31.1472831323645,5.0
point_gbdt_safety,HOUSEHOLD_2_149_TX_1,2326.789853802869,2326.789853802869,0.0,0.0,1.0,1.0,0.0,29.83063915131883,6.0
point_gbdt_safety,HOUSEHOLD_2_150_CA_2,2239.3262810630495,2239.3262810630495,0.0,0.0,1.0,1.0,0.0,28.70931129568012,33.0
point_gbdt_safety,HOUSEHOLD_2_158_TX_3,2388.213984703702,2388.213984703702,0.0,0.0,1.0,1.0,0.0,30.61812800902182,0.0
point_gbdt_safety,HOUSEHOLD_2_159_CA_2,2531.0080081665737,2531.0080081665737,0.0,0.0,1.0,1.0,0.0,32.44882061752018,46.0
point_gbdt_safety,HOUSEHOLD_2_160_WI_1,2305.5707540533263,2305.5707540533263,0.0,0.0,1.0,1.0,0.0,29.55859941094008,41.0
point_gbdt_safety,HOUSEHOLD_2_164_CA_1,2261.3899467260953,2261.3899467260953,0.0,0.0,1.0,1.0,0.0,28.99217880418071,12.0
point_gbdt_safety,HOUSEHOLD_2_176_TX_2,3140.110802010408,2925.32372949614,214.78707251426812,0.0,0.8195066617527159,0.8589743589743589,0.14102564102564102,37.50415037815564,238.0
point_gbdt_safety,HOUSEHOLD_2_179_CA_1,2207.962905963811,2207.962905963811,0.0,0.0,1.0,1.0,0.0,28.30721674312578,28.0
point_gbdt_safety,HOUSEHOLD_2_184_WI_3,2218.644283232616,2218.644283232616,0.0,0.0,1.0,1.0,0.0,28.444157477341232,46.0
point_gbdt_safety,HOUSEHOLD_2_190_WI_1,2449.051456605659,2449.051456605659,0.0,0.0,1.0,1.0,0.0,31.398095597508448,44.0
point_gbdt_safety,HOUSEHOLD_2_193_TX_1,2186.278928650781,2186.278928650781,0.0,0.0,1.0,1.0,0.0,28.02921703398437,22.0
point_gbdt_safety,HOUSEHOLD_2_203_CA_1,2106.049598227855,2088.012120788697,18.03747743915789,0.0,0.9505822535913482,0.9871794871794872,0.01282051282051282,26.769386163957652,73.0
point_gbdt_safety,HOUSEHOLD_2_207_WI_3,2317.883110776273,2317.883110776273,0.0,0.0,1.0,1.0,0.0,29.716450138157345,3.0
point_gbdt_safety,HOUSEHOLD_2_208_CA_3,2539.083522471836,2539.083522471836,0.0,0.0,1.0,1.0,0.0,32.55235285220303,9.0
point_gbdt_safety,HOUSEHOLD_2_217_TX_1,1932.827279327047,1932.827279327047,0.0,0.0,1.0,1.0,0.0,24.779836914449323,92.0
point_gbdt_safety,HOUSEHOLD_2_218_CA_1,2346.414560825359,2346.414560825359,0.0,0.0,1.0,1.0,0.0,30.082237959299473,6.0
point_gbdt_safety,HOUSEHOLD_2_224_TX_1,2199.385109729126,2199.385109729126,0.0,0.0,1.0,1.0,0.0,28.197244996527253,6.0
point_gbdt_safety,HOUSEHOLD_2_226_TX_3,2308.3857203636653,2308.3857203636653,0.0,0.0,1.0,1.0,0.0,29.594688722611092,28.0
point_gbdt_safety,HOUSEHOLD_2_226_WI_1,2148.033727674716,2148.033727674716,0.0,0.0,1.0,1.0,0.0,27.53889394454764,39.0
point_gbdt_safety,HOUSEHOLD_2_234_WI_3,2317.0615502360374,2317.0615502360374,0.0,0.0,1.0,1.0,0.0,29.70591731071843,9.0
point_gbdt_safety,HOUSEHOLD_2_237_CA_2,2299.369204984165,2299.369204984165,0.0,0.0,1.0,1.0,0.0,29.47909237159186,12.0
point_gbdt_safety,HOUSEHOLD_2_238_CA_1,2296.8900279833447,2296.8900279833447,0.0,0.0,1.0,1.0,0.0,29.44730805106852,30.0
point_gbdt_safety,HOUSEHOLD_2_241_CA_2,2192.5871998426705,2192.5871998426705,0.0,0.0,1.0,1.0,0.0,28.110092305675263,18.0
point_gbdt_safety,HOUSEHOLD_2_249_WI_1,2254.3340943281833,2254.3340943281833,0.0,0.0,1.0,1.0,0.0,28.90171915805363,7.0
point_gbdt_safety,HOUSEHOLD_2_257_TX_1,2141.8006501781156,2141.8006501781156,0.0,0.0,1.0,1.0,0.0,27.458982694591224,37.0
point_gbdt_safety,HOUSEHOLD_2_259_CA_2,2351.968974211091,2351.968974211091,0.0,0.0,1.0,1.0,0.0,30.153448387321678,56.0
point_gbdt_safety,HOUSEHOLD_2_259_TX_3,2262.4665757226453,2262.4665757226453,0.0,0.0,1.0,1.0,0.0,29.005981740033913,12.0
point_gbdt_safety,HOUSEHOLD_2_260_WI_1,2263.9001265373054,2263.9001265373054,0.0,0.0,1.0,1.0,0.0,29.02436059663212,16.0
point_gbdt_safety,HOUSEHOLD_2_263_TX_2,2216.6246423020643,2216.6246423020643,0.0,0.0,1.0,1.0,0.0,28.41826464489826,22.0
point_gbdt_safety,HOUSEHOLD_2_263_TX_3,2602.7234269540436,2602.7234269540436,0.0,0.0,1.0,1.0,0.0,33.36824906351338,6.0
point_gbdt_safety,HOUSEHOLD_2_264_WI_3,2173.460113893796,2173.460113893796,0.0,0.0,1.0,1.0,0.0,27.864873255048668,34.0
point_gbdt_safety,HOUSEHOLD_2_265_WI_1,2200.028381056679,2200.028381056679,0.0,0.0,1.0,1.0,0.0,28.205492064829215,26.0
point_gbdt_safety,HOUSEHOLD_2_275_CA_2,2324.9741501572626,2324.9741501572626,0.0,0.0,1.0,1.0,0.0,29.807360899452085,48.0
point_gbdt_safety,HOUSEHOLD_2_280_TX_2,2216.3650334805316,2216.3650334805316,0.0,0.0,1.0,1.0,0.0,28.41493632667348,30.0
point_gbdt_safety,HOUSEHOLD_2_280_WI_3,2266.557548389242,2266.557548389242,0.0,0.0,1.0,1.0,0.0,29.058430107554386,16.0
point_gbdt_safety,HOUSEHOLD_2_288_TX_3,2361.530229618139,2361.530229618139,0.0,0.0,1.0,1.0,0.0,30.276028584847936,13.0
point_gbdt_safety,HOUSEHOLD_2_294_CA_1,3168.3422373851918,3168.3422373851918,0.0,0.0,1.0,1.0,0.0,40.61977227416912,112.0
point_gbdt_safety,HOUSEHOLD_2_294_WI_3,2122.6258778250544,2122.6258778250544,0.0,0.0,1.0,1.0,0.0,27.21315227980839,108.0
point_gbdt_safety,HOUSEHOLD_2_307_TX_1,2279.0345444793725,2279.0345444793725,0.0,0.0,1.0,1.0,0.0,29.21839159588939,3.0
point_gbdt_safety,HOUSEHOLD_2_308_WI_3,2256.887106428276,2256.887106428276,0.0,0.0,1.0,1.0,0.0,28.934450082413797,17.0
point_gbdt_safety,HOUSEHOLD_2_311_TX_2,2235.133184365235,2235.133184365235,0.0,0.0,1.0,1.0,0.0,28.655553645708142,39.0
point_gbdt_safety,HOUSEHOLD_2_314_TX_1,2156.30114680902,2156.30114680902,0.0,0.0,1.0,1.0,0.0,27.644886497551536,20.0
point_gbdt_safety,HOUSEHOLD_2_316_CA_4,2165.9391485879955,2165.9391485879955,0.0,0.0,1.0,1.0,0.0,27.76845062292302,18.0
point_gbdt_safety,HOUSEHOLD_2_326_TX_2,2213.516690677662,2213.516690677662,0.0,0.0,1.0,1.0,0.0,28.37841911125208,15.0
point_gbdt_safety,HOUSEHOLD_2_330_CA_2,2348.8447756088253,2348.8447756088253,0.0,0.0,1.0,1.0,0.0,30.113394559087503,16.0
point_gbdt_safety,HOUSEHOLD_2_333_WI_2,2270.5226469272984,2270.5226469272984,0.0,0.0,1.0,1.0,0.0,29.109264704196132,17.0
point_gbdt_safety,HOUSEHOLD_2_337_CA_2,2145.3570274738777,2145.3570274738777,0.0,0.0,1.0,1.0,0.0,27.504577275306126,26.0
point_gbdt_safety,HOUSEHOLD_2_338_WI_3,2318.239285130375,2318.239285130375,0.0,0.0,1.0,1.0,0.0,29.721016476030446,11.0
point_gbdt_safety,HOUSEHOLD_2_342_CA_1,2238.1441016276344,2238.1441016276344,0.0,0.0,1.0,1.0,0.0,28.694155149072238,46.0
point_gbdt_safety,HOUSEHOLD_2_345_CA_1,2313.4175847449796,2313.4175847449796,0.0,0.0,1.0,1.0,0.0,29.659199804422816,40.0
point_gbdt_safety,HOUSEHOLD_2_346_TX_3,2201.791275280272,2201.791275280272,0.0,0.0,1.0,1.0,0.0,28.228093272824,86.0
point_gbdt_safety,HOUSEHOLD_2_348_TX_1,2333.7387492713533,2333.7387492713533,0.0,0.0,1.0,1.0,0.0,29.91972755476094,68.0
point_gbdt_safety,HOUSEHOLD_2_354_TX_1,2137.9550646245652,2137.9550646245652,0.0,0.0,1.0,1.0,0.0,27.409680315699553,22.0
point_gbdt_safety,HOUSEHOLD_2_354_TX_2,2361.3800027609204,2361.3800027609204,0.0,0.0,1.0,1.0,0.0,30.27410259949898,50.0
point_gbdt_safety,HOUSEHOLD_2_355_CA_3,2530.382311809904,2530.382311809904,0.0,0.0,1.0,1.0,0.0,32.44079886935774,29.0
point_gbdt_safety,HOUSEHOLD_2_355_TX_2,2242.204794598294,2242.204794598294,0.0,0.0,1.0,1.0,0.0,28.746215315362743,21.0
point_gbdt_safety,HOUSEHOLD_2_358_CA_4,2351.5850224738665,2351.5850224738665,0.0,0.0,1.0,1.0,0.0,30.148525929152136,1.0
point_gbdt_safety,HOUSEHOLD_2_358_WI_2,2252.4910550403824,2252.4910550403824,0.0,0.0,1.0,1.0,0.0,28.87809044923567,16.0
point_gbdt_safety,HOUSEHOLD_2_370_TX_2,2198.725959093646,2198.725959093646,0.0,0.0,1.0,1.0,0.0,28.188794347354435,23.0
point_gbdt_safety,HOUSEHOLD_2_373_WI_3,2318.5106953492177,2318.5106953492177,0.0,0.0,1.0,1.0,0.0,29.72449609422074,10.0
point_gbdt_safety,HOUSEHOLD_2_382_TX_3,2311.4233393649783,2311.4233393649783,0.0,0.0,1.0,1.0,0.0,29.63363255596126,43.0
point_gbdt_safety,HOUSEHOLD_2_385_WI_1,2298.333475418992,2298.333475418992,0.0,0.0,1.0,1.0,0.0,29.465813787422974,15.0
point_gbdt_safety,HOUSEHOLD_2_392_CA_4,2238.5662695218866,2238.5662695218866,0.0,0.0,1.0,1.0,0.0,28.699567557972905,10.0
point_gbdt_safety,HOUSEHOLD_2_396_TX_3,2162.4037853178747,2162.4037853178747,0.0,0.0,1.0,1.0,0.0,27.723125452793266,21.0
point_gbdt_safety,HOUSEHOLD_2_396_WI_2,2223.6260453749724,2223.6260453749724,0.0,0.0,1.0,1.0,0.0,28.508026222756055,6.0
point_gbdt_safety,HOUSEHOLD_2_397_WI_2,2582.607722034039,2582.607722034039,0.0,0.0,1.0,1.0,0.0,33.110355410692804,4.0
point_gbdt_safety,HOUSEHOLD_2_401_TX_3,1871.1479340370868,1871.1479340370868,0.0,0.0,1.0,1.0,0.0,23.989076077398547,81.0
point_gbdt_safety,HOUSEHOLD_2_405_CA_4,2154.4288095061183,2154.4288095061183,0.0,0.0,1.0,1.0,0.0,27.620882173155362,10.0
point_gbdt_safety,HOUSEHOLD_2_412_CA_1,2388.783978959891,2388.783978959891,0.0,0.0,1.0,1.0,0.0,30.625435627690912,6.0
point_gbdt_safety,HOUSEHOLD_2_417_TX_1,2246.759144116688,2246.759144116688,0.0,0.0,1.0,1.0,0.0,28.804604411752408,5.0
point_gbdt_safety,HOUSEHOLD_2_418_CA_2,2410.5361356415165,2410.5361356415165,0.0,0.0,1.0,1.0,0.0,30.904309431301492,21.0
point_gbdt_safety,HOUSEHOLD_2_420_CA_3,2357.8938928341136,2357.8938928341136,0.0,0.0,1.0,1.0,0.0,30.229408882488634,36.0
point_gbdt_safety,HOUSEHOLD_2_424_CA_1,2199.34062622268,2199.34062622268,0.0,0.0,1.0,1.0,0.0,28.196674695162564,22.0
point_gbdt_safety,HOUSEHOLD_2_424_CA_4,2273.2385471177104,2273.2385471177104,0.0,0.0,1.0,1.0,0.0,29.144083937406542,10.0
point_gbdt_safety,HOUSEHOLD_2_428_CA_4,2438.0253958192025,2438.0253958192025,0.0,0.0,1.0,1.0,0.0,31.25673584383593,0.0
point_gbdt_safety,HOUSEHOLD_2_429_WI_3,2255.6827117920648,2255.6827117920648,0.0,0.0,1.0,1.0,0.0,28.919009125539294,10.0
point_gbdt_safety,HOUSEHOLD_2_432_TX_3,2283.307363884472,2283.307363884472,0.0,0.0,1.0,1.0,0.0,29.273171331852208,27.0
point_gbdt_safety,HOUSEHOLD_2_436_CA_2,2553.4218362823117,2553.4218362823117,0.0,0.0,1.0,1.0,0.0,32.736177388234765,38.0
point_gbdt_safety,HOUSEHOLD_2_440_TX_2,2693.9491001093397,2677.052285249776,16.896814859563563,0.0,0.9773197115979012,0.9743589743589743,0.02564102564102564,34.3211831442279,149.0
point_gbdt_safety,HOUSEHOLD_2_445_WI_2,2300.833649307754,2300.833649307754,0.0,0.0,1.0,1.0,0.0,29.49786729881736,2.0
point_gbdt_safety,HOUSEHOLD_2_446_CA_3,2571.099008068088,2571.099008068088,0.0,0.0,1.0,1.0,0.0,32.962807795744716,13.0
point_gbdt_safety,HOUSEHOLD_2_451_TX_1,2144.5656637001816,2144.5656637001816,0.0,0.0,1.0,1.0,0.0,27.494431585899765,103.0
point_gbdt_safety,HOUSEHOLD_2_451_WI_2,2291.28090899794,2291.28090899794,0.0,0.0,1.0,1.0,0.0,29.37539626920436,87.0
point_gbdt_safety,HOUSEHOLD_2_459_WI_3,2276.4868000921483,2276.4868000921483,0.0,0.0,1.0,1.0,0.0,29.185728206309594,8.0
point_gbdt_safety,HOUSEHOLD_2_462_CA_4,2336.827892641719,2336.827892641719,0.0,0.0,1.0,1.0,0.0,29.959331956945114,11.0
point_gbdt_safety,HOUSEHOLD_2_462_TX_2,2315.252875827733,2315.252875827733,0.0,0.0,1.0,1.0,0.0,29.682729177278627,13.0
point_gbdt_safety,HOUSEHOLD_2_465_CA_1,2315.411743581265,2315.411743581265,0.0,0.0,1.0,1.0,0.0,29.68476594334955,88.0
point_gbdt_safety,HOUSEHOLD_2_468_TX_2,2358.5610463109024,2358.5610463109024,0.0,0.0,1.0,1.0,0.0,30.237962132191058,42.0
point_gbdt_safety,HOUSEHOLD_2_470_WI_2,2151.51725985573,2151.51725985573,0.0,0.0,1.0,1.0,0.0,27.583554613535,44.0
point_gbdt_safety,HOUSEHOLD_2_475_CA_3,2532.840482568956,2532.840482568956,0.0,0.0,1.0,1.0,0.0,32.47231387908918,20.0
point_gbdt_safety,HOUSEHOLD_2_476_WI_2,2243.701265821024,2243.701265821024,0.0,0.0,1.0,1.0,0.0,28.765400843859286,19.0
point_gbdt_safety,HOUSEHOLD_2_478_TX_2,2224.8138726330744,2224.8138726330744,0.0,0.0,1.0,1.0,0.0,28.52325477734711,13.0
point_gbdt_safety,HOUSEHOLD_2_480_TX_1,2351.363880544758,2351.363880544758,0.0,0.0,1.0,1.0,0.0,30.14569077621485,15.0
point_gbdt_safety,HOUSEHOLD_2_483_TX_1,2344.2149638916217,2344.2149638916217,0.0,0.0,1.0,1.0,0.0,30.054037998610536,98.0
point_gbdt_safety,HOUSEHOLD_2_488_WI_3,2224.4055584613493,2224.4055584613493,0.0,0.0,1.0,1.0,0.0,28.51801998027371,14.0
point_gbdt_safety,HOUSEHOLD_2_490_WI_1,2095.8331954878313,2095.8331954878313,0.0,0.0,1.0,1.0,0.0,26.869656352408093,127.0
point_gbdt_safety,HOUSEHOLD_2_491_TX_3,2289.2966724151274,2289.2966724151274,0.0,0.0,1.0,1.0,0.0,29.34995733865548,39.0
point_gbdt_safety,HOUSEHOLD_2_505_CA_4,2274.904446241915,2274.904446241915,0.0,0.0,1.0,1.0,0.0,29.165441618486092,9.0
point_gbdt_safety,HOUSEHOLD_2_507_CA_1,2162.114976158497,2162.114976158497,0.0,0.0,1.0,1.0,0.0,27.71942277126278,67.0
point_gbdt_safety,HOUSEHOLD_2_509_TX_1,2305.724552105648,2305.724552105648,0.0,0.0,1.0,1.0,0.0,29.56057118084164,36.0
point_gbdt_safety,HOUSEHOLD_2_509_WI_1,2258.848930378751,2258.848930378751,0.0,0.0,1.0,1.0,0.0,28.95960167152245,8.0
point_gbdt_safety,HOUSEHOLD_2_509_WI_2,2202.2527318721354,2202.2527318721354,0.0,0.0,1.0,1.0,0.0,28.234009382976094,14.0
point_gbdt_safety,HOUSEHOLD_2_510_CA_2,2433.7234202982986,2433.7234202982986,0.0,0.0,1.0,1.0,0.0,31.20158231151665,57.0
pp_quantile_fixed,FOODS_1_008_CA_1,697.185026081431,697.185026081431,0.0,0.0,1.0,1.0,0.0,8.938269565146552,25.0
pp_quantile_fixed,FOODS_1_010_CA_3,568.4283380552708,531.2105096446877,37.21782841058318,0.0,0.8308280526791673,0.8974358974358975,0.10256410256410256,6.810391149290868,44.0
pp_quantile_fixed,FOODS_1_010_WI_3,1193.7511595340727,1127.286491745211,66.46466778886186,0.0,0.7583102989495932,0.9230769230769231,0.07692307692307693,14.452390919810396,55.0
pp_quantile_fixed,FOODS_1_013_WI_1,1316.1214259536277,1291.9083123655673,24.213113588060367,0.0,0.9612590182591034,0.9615384615384616,0.038461538461538464,16.56292708160984,125.0
pp_quantile_fixed,FOODS_1_014_WI_3,1118.143833300075,1096.005818466416,22.138014833658808,0.0,0.9491080118766463,0.9615384615384616,0.038461538461538464,14.051356647005333,87.0
pp_quantile_fixed,FOODS_1_022_WI_3,1180.024474244654,1180.024474244654,0.0,0.0,1.0,1.0,0.0,15.128518900572486,1.0
pp_quantile_fixed,FOODS_1_024_TX_1,698.4226074641496,682.5924850054155,15.830122458734053,0.0,0.9402636888349658,0.9487179487179487,0.05128205128205128,8.751185705197635,53.0
pp_quantile_fixed,FOODS_1_025_TX_1,697.465948078378,697.465948078378,0.0,0.0,1.0,1.0,0.0,8.941871129209975,44.0
pp_quantile_fixed,FOODS_1_025_WI_1,1267.886439292874,1235.544801085542,32.341638207332,0.0,0.8039900714707152,0.9358974358974359,0.0641025641025641,15.840317962635154,33.0
pp_quantile_fixed,FOODS_1_032_CA_2,2593.3340724245077,2406.97133347733,186.36273894717775,0.0,0.9016555467297216,0.9102564102564102,0.08974358974358974,30.85860683945295,379.0
pp_quantile_fixed,FOODS_1_040_TX_1,1043.249842456311,1042.4326293865824,0.8172130697284175,0.0,0.9960135947818126,0.9871794871794872,0.01282051282051282,13.364520889571569,41.0
pp_quantile_fixed,FOODS_1_043_CA_3,25009.443198175828,25009.443198175828,0.0,0.0,1.0,1.0,0.0,320.63388715610034,42.0
pp_quantile_fixed,FOODS_1_045_CA_3,2061.848079590715,2060.7175240767283,1.130555513986593,0.0,0.9982999165203209,0.9871794871794872,0.01282051282051282,26.419455436881133,133.0
pp_quantile_fixed,FOODS_1_045_WI_2,1205.7579907913457,1181.3664100195174,24.391580771828423,0.0,0.9548304059780955,0.9615384615384616,0.038461538461538464,15.145723205378427,108.0
pp_quantile_fixed,FOODS_1_046_WI_3,3005.8723764310002,2855.053520268077,150.81885616292317,0.0,0.8882823287682051,0.8974358974358975,0.10256410256410256,36.603250259847144,270.0
pp_quantile_fixed,FOODS_1_047_TX_2,1283.817318489847,1283.817318489847,0.0,0.0,1.0,1.0,0.0,16.459196390895475,62.0
pp_quantile_fixed,FOODS_1_054_CA_1,958.8470572187434,793.2466526068504,165.60040461189303,0.0,0.7528352169971746,0.8461538461538461,0.15384615384615385,10.169828879575006,134.0
pp_quantile_fixed,FOODS_1_054_TX_3,580.9769701259321,559.0095989102309,21.967371215701135,0.0,0.8744721644817078,0.9487179487179487,0.05128205128205128,7.166789729618345,35.0
pp_quantile_fixed,FOODS_1_055_WI_2,2203.9543609201482,2040.375576986516,163.57878393363217,0.0,0.7594429648034822,0.8461538461538461,0.15384615384615385,26.158661243416873,136.0
pp_quantile_fixed,FOODS_1_056_WI_1,1338.99913035931,1338.99913035931,0.0,0.0,1.0,1.0,0.0,17.16665551742705,1.0
pp_quantile_fixed,FOODS_1_057_CA_2,2201.798897850272,2201.798897850272,0.0,0.0,1.0,1.0,0.0,28.22819099808041,3.0
pp_quantile_fixed,FOODS_1_060_CA_4,611.4770344130235,611.4770344130235,0.0,0.0,1.0,1.0,0.0,7.839449159141327,39.0
pp_quantile_fixed,FOODS_1_062_TX_2,650.6571204025693,622.832636194854,27.824484207715273,0.0,0.8815979395416371,0.9487179487179487,0.05128205128205128,7.985033797369923,47.0
pp_quantile_fixed,FOODS_1_064_WI_3,557.8256173714362,557.8256173714362,0.0,0.0,1.0,1.0,0.0,7.151610479120977,18.0
pp_quantile_fixed,FOODS_1_066_WI_1,1251.5430100864892,1203.63022022794,47.912789858549054,0.0,0.9429609644541083,0.9358974358974359,0.0641025641025641,15.431156669588976,168.0
pp_quantile_fixed,FOODS_1_069_CA_3,2962.070980949583,2703.6794894877785,258.39149146180443,0.0,0.840499079344565,0.8717948717948718,0.1282051282051282,34.66255755753562,324.0
pp_quantile_fixed,FOODS_1_078_TX_2,902.957500496177,894.5706850029187,8.386815493258304,0.0,0.9609915558453103,0.9743589743589743,0.02564102564102564,11.468854935934855,43.0
pp_quantile_fixed,FOODS_1_081_WI_1,813.2464962524582,771.0304198210098,42.21607643144843,0.0,0.8739818613986614,0.9615384615384616,0.038461538461538464,9.885005382320639,67.0
pp_quantile_fixed,FOODS_1_083_WI_3,2474.0694103058354,2461.3011270057623,12.768283300073193,0.0,0.9722428623911452,0.9743589743589743,0.02564102564102564,31.55514265392003,92.0
pp_quantile_fixed,FOODS_1_085_CA_4,2913.0416889523017,2670.2948238557183,242.74686509658352,0.0,0.9298419465038776,0.8717948717948718,0.1282051282051282,34.23454902379126,692.0
pp_quantile_fixed,FOODS_1_086_CA_2,1660.94529164557,1575.202052123981,85.74323952158906,0.0,0.9120582158752932,0.9358974358974359,0.0641025641025641,20.1948981041536,195.0
pp_quantile_fixed,FOODS_1_086_WI_2,1392.7509279795322,1115.9749565124303,276.775971467102,0.0,0.7812047656386546,0.7948717948717948,0.20512820512820512,14.307371237338849,253.0
pp_quantile_fixed,FOODS_1_089_CA_1,902.5208800375208,902.5208800375208,0.0,0.0,1.0,1.0,0.0,11.570780513301548,32.0
pp_quantile_fixed,FOODS_1_091_TX_3,921.9794064196197,921.9794064196197,0.0,0.0,1.0,1.0,0.0,11.820248800251536,4.0
pp_quantile_fixed,FOODS_1_094_WI_1,576.5492987416202,525.4451346908481,51.104164050772084,0.0,0.8451388968158421,0.9102564102564102,0.08974358974358974,6.7364760857801045,66.0
pp_quantile_fixed,FOODS_1_098_CA_2,669.2640008891821,669.2640008891821,0.0,0.0,1.0,1.0,0.0,8.580307703707462,13.0
pp_quantile_fixed,FOODS_1_098_TX_1,503.9419830083343,449.82333694226145,54.11864606607287,0.0,0.8165469624878885,0.9230769230769231,0.07692307692307693,5.766965858234121,59.0
pp_quantile_fixed,FOODS_1_099_CA_2,3946.4286422834393,3354.18568170976,592.2429605736795,0.0,0.8247801891793848,0.7948717948717948,0.20512820512820512,43.00238053474051,676.0
pp_quantile_fixed,FOODS_1_099_TX_1,3575.212224697953,3085.722418401762,489.4898062961911,0.0,0.7540252229667381,0.7692307692307693,0.23076923076923078,39.560543825663615,398.0
pp_quantile_fixed,FOODS_1_101_CA_1,3467.7748871529657,3467.7748871529657,0.0,0.0,1.0,1.0,0.0,44.458652399396996,0.0
pp_quantile_fixed,FOODS_1_102_TX_2,733.587846127753,690.984040285841,42.603805841911964,0.0,0.8746946887002589,0.8974358974358975,0.10256410256410256,8.858769747254373,68.0
pp_quantile_fixed,FOODS_1_106_CA_1,1008.6508869786844,933.1405217106347,75.51036526804961,0.0,0.861448871067799,0.8717948717948718,0.1282051282051282,11.963340021931215,109.0
pp_quantile_fixed,FOODS_1_107_TX_2,730.6803174709977,730.6803174709977,0.0,0.0,1.0,1.0,0.0,9.367696377833303,28.0
pp_quantile_fixed,FOODS_1_111_WI_2,639.0225559968518,639.0225559968518,0.0,0.0,1.0,1.0,0.0,8.19259687175451,9.0
pp_quantile_fixed,FOODS_1_119_WI_1,800.9554790313708,692.2430824577508,108.71239657362005,0.0,0.6602737607074374,0.8205128205128205,0.1794871794871795,8.874911313560908,64.0
pp_quantile_fixed,FOODS_1_122_WI_3,1074.9980950259248,992.7943615942866,82.20373343163834,0.0,0.83722032983834,0.8461538461538461,0.15384615384615385,12.728132840952393,101.0
pp_quantile_fixed,FOODS_1_131_CA_1,694.6686771323674,677.3889960447123,17.27968108765511,0.0,0.9404148928011893,0.9487179487179487,0.05128205128205128,8.684474308265541,58.0
pp_quantile_fixed,FOODS_1_132_WI_3,501.2981223238212,463.1022297261512,38.19589259766994,0.0,0.8558645562352079,0.9230769230769231,0.07692307692307693,5.9372080734121955,53.0
pp_quantile_fixed,FOODS_1_134_CA_2,436.70398952479985,410.24396067083353,26.4600288539663,0.0,0.9185845266031806,0.9358974358974359,0.0641025641025641,5.259537957318378,65.0
pp_quantile_fixed,FOODS_1_139_TX_3,1253.8982949560589,942.2662644149233,311.6320305411356,0.0,0.6649117951170586,0.7435897435897436,0.2564102564102564,12.080336723268248,186.0
pp_quantile_fixed,FOODS_1_143_CA_1,2195.068514362402,1992.0685143624019,202.99999999999983,0.0,0.6725806451612906,0.8461538461538461,0.15384615384615385,25.539339927723102,124.0
pp_quantile_fixed,FOODS_1_143_WI_2,1587.498355875696,1587.498355875696,0.0,0.0,1.0,1.0,0.0,20.352543024047385,34.0
pp_quantile_fixed,FOODS_1_147_TX_2,504.8937677950573,496.45765063141454,8.436117163642756,0.0,0.9517936162077557,0.9615384615384616,0.038461538461538464,6.364841674761725,35.0
pp_quantile_fixed,FOODS_1_149_CA_3,1268.89982033514,1251.671039986189,17.228780348951034,0.0,0.9736965185512197,0.9615384615384616,0.038461538461538464,16.047064615207553,131.0
pp_quantile_fixed,FOODS_1_156_TX_3,630.964108547318,606.0766534590017,24.887455088316344,0.0,0.8963022704653486,0.9487179487179487,0.05128205128205128,7.770213505884637,48.0
pp_quantile_fixed,FOODS_1_159_CA_4,1368.762069436356,1368.762069436356,0.0,0.0,1.0,1.0,0.0,17.54823165944046,14.0
pp_quantile_fixed,FOODS_1_161_CA_4,5746.266311346133,5528.580691239658,217.68562010647477,0.0,0.8600092475199519,0.8717948717948718,0.1282051282051282,70.87923963127767,311.0
pp_quantile_fixed,FOODS_1_161_WI_3,3251.1616888041467,2937.413131394295,313.7485574098517,0.0,0.8714145256517001,0.8589743589743589,0.14102564102564102,37.65914271018327,488.0
pp_quantile_fixed,FOODS_1_168_WI_1,709.6822178512301,693.7202953003638,15.961922550866392,0.0,0.9002379840570851,0.9487179487179487,0.05128205128205128,8.893849939748254,32.0
pp_quantile_fixed,FOODS_1_174_TX_2,490.373207203142,485.373207203142,5.0,0.0,0.9696969696969697,0.9871794871794872,0.01282051282051282,6.222733425681308,33.0
pp_quantile_fixed,FOODS_1_175_CA_3,1142.4122896326096,1123.4241960151533,18.988093617456343,0.0,0.9547902532917706,0.9743589743589743,0.02564102564102564,14.40287430788658,84.0
pp_quantile_fixed,FOODS_1_183_CA_2,1425.1221264821534,1387.4719167376602,37.650209744493246,0.0,0.9458270363388586,0.9358974358974359,0.0641025641025641,17.78810149663667,139.0
pp_quantile_fixed,FOODS_1_183_CA_4,884.6424114090253,830.0662328087883,54.57617860023694,0.0,0.880052354724754,0.9230769230769231,0.07692307692307693,10.64187477959985,91.0
pp_quantile_fixed,FOODS_1_185_WI_1,1247.0232257611183,1107.7622538295623,139.26097193155593,0.0,0.7771824449095104,0.8717948717948718,0.1282051282051282,14.202080177302081,125.0
pp_quantile_fixed,FOODS_1_191_TX_1,507.23242676947183,499.6576620051277,7.574764764344142,0.0,0.9621261761782793,0.9743589743589743,0.02564102564102564,6.405867461604201,40.0
pp_quantile_fixed,FOODS_1_192_CA_4,1798.421475318713,1791.9610709432204,6.460404375492477,0.0,0.5693063749671682,0.9743589743589743,0.02564102564102564,22.973859883887442,3.0
pp_quantile_fixed,FOODS_1_203_WI_1,1018.5286227697761,1018.5286227697761,0.0,0.0,1.0,1.0,0.0,13.058059266279182,54.0
pp_quantile_fixed,FOODS_1_207_CA_4,614.7279388275982,495.97294835289586,118.75499047470235,0.0,0.7648416030203914,0.8461538461538461,0.15384615384615385,6.358627542985844,101.0
pp_quantile_fixed,FOODS_1_208_WI_3,948.8950870304365,878.1343825951415,70.76070443529503,0.0,0.8294922784691686,0.9230769230769231,0.07692307692307693,11.258133110194121,83.0
pp_quantile_fixed,FOODS_1_209_CA_4,1233.1225383968772,1233.1225383968772,0.0,0.0,1.0,1.0,0.0,15.809263312780477,1.0
pp_quantile_fixed,FOODS_1_214_TX_3,985.1145801677005,985.1145801677005,0.0,0.0,1.0,1.0,0.0,12.629674104714109,19.0
pp_quantile_fixed,FOODS_1_215_CA_1,1895.461802644945,1829.6167291783795,65.84507346656554,0.0,0.8791833514374945,0.9487179487179487,0.05128205128205128,23.45662473305615,109.0
pp_quantile_fixed,FOODS_2_001_TX_1,964.0908336422466,908.2046881473456,55.886145494900994,0.0,0.8685031870708211,0.9358974358974359,0.0641025641025641,11.643649848042893,85.0
pp_quantile_fixed,FOODS_2_002_CA_3,852.5786758970089,821.8048972602226,30.77377863678633,0.0,0.9316138252515859,0.9230769230769231,0.07692307692307693,10.535960221284904,90.0
pp_quantile_fixed,FOODS_2_004_CA_1,699.7096078069022,642.8680209281579,56.84158687874431,0.0,0.8947378020763994,0.9102564102564102,0.08974358974358974,8.241897704207153,108.0
pp_quantile_fixed,FOODS_2_009_CA_1,1057.7974366886976,1057.7974366886976,0.0,0.0,1.0,1.0,0.0,13.561505598573047,77.0
pp_quantile_fixed,FOODS_2_009_WI_1,1588.524025983046,1501.4688499499691,87.0551760330768,0.0,0.8799238951267906,0.9102564102564102,0.08974358974358974,19.24960064038422,145.0
pp_quantile_fixed,FOODS_2_012_CA_3,791.4656522933413,791.4656522933413,0.0,0.0,1.0,1.0,0.0,10.146995542222324,28.0
pp_quantile_fixed,FOODS_2_014_CA_3,1007.7443916560585,954.7262848703477,53.01810678571076,0.0,0.8917997820699781,0.8974358974358975,0.10256410256410256,12.240080575260869,98.0
pp_quantile_fixed,FOODS_2_014_TX_1,595.37878211862,582.6020778884716,12.776704230148423,0.0,0.9118847984127695,0.9615384615384616,0.038461538461538464,7.469257408826559,29.0
pp_quantile_fixed,FOODS_2_015_CA_1,1010.8029719889653,997.7875857738288,13.015386215136449,0.0,0.9573266025733231,0.9743589743589743,0.02564102564102564,12.792148535561909,61.0
pp_quantile_fixed,FOODS_2_017_WI_1,458.29263533697883,448.9547424894482,9.337892847530611,0.0,0.9584982540109751,0.9743589743589743,0.02564102564102564,5.755830031916003,45.0
pp_quantile_fixed,FOODS_2_017_WI_3,571.4139662620365,571.4139662620365,0.0,0.0,1.0,1.0,0.0,7.3258200802825195,2.0
pp_quantile_fixed,FOODS_2_024_CA_4,798.5257665336259,769.8856067606403,28.640159772985605,0.0,0.91049950070942,0.9358974358974359,0.0641025641025641,9.87032829180308,64.0
pp_quantile_fixed,FOODS_2_024_TX_2,1131.4869784276343,1105.3160239511933,26.170954476441022,0.0,0.8585353812084269,0.9615384615384616,0.038461538461538464,14.17071825578453,37.0
pp_quantile_fixed,FOODS_2_029_TX_3,2321.1933619333477,2042.7461561667528,278.4472057665946,0.0,0.7974929412606585,0.8717948717948718,0.1282051282051282,26.18905328418914,275.0
pp_quantile_fixed,FOODS_2_031_TX_1,2331.033013874938,2331.033013874938,0.0,0.0,1.0,1.0,0.0,29.885038639422284,9.0
pp_quantile_fixed,FOODS_2_034_WI_3,1261.9455764240652,1251.8817475222331,10.063828901831933,0.0,0.9778816947212485,0.9871794871794872,0.01282051282051282,16.049765993874782,91.0
pp_quantile_fixed,FOODS_2_043_TX_2,951.7327972636549,942.8607853121155,8.872011951539447,0.0,0.9366284860604325,0.9871794871794872,0.01282051282051282,12.087958786052763,28.0
pp_quantile_fixed,FOODS_2_045_TX_1,1562.0279692440884,1562.0279692440884,0.0,0.0,1.0,1.0,0.0,20.02599960569344,16.0
pp_quantile_fixed,FOODS_2_046_CA_3,646.7764457224314,646.7764457224314,0.0,0.0,1.0,1.0,0.0,8.292005714390147,19.0
pp_quantile_fixed,FOODS_2_047_CA_4,771.8903288805816,706.1182331090058,65.77209577157575,0.0,0.8198024773381486,0.8717948717948718,0.1282051282051282,9.05279786037187,73.0
pp_quantile_fixed,FOODS_2_047_WI_3,934.6175624188817,893.3567159991475,41.26084641973419,0.0,0.8869565851514132,0.9487179487179487,0.05128205128205128,11.453291230758301,73.0
pp_quantile_fixed,FOODS_2_051_WI_3,896.5702649855831,821.0848116619884,75.48545332359473,0.0,0.7959852612875817,0.8974358974358975,0.10256410256410256,10.526728354640877,74.0
pp_quantile_fixed,FOODS_2_055_TX_1,932.6393048106379,875.7113326697774,56.92797214086049,0.0,0.8801516375981885,0.9358974358974359,0.0641025641025641,11.22706836756125,95.0
pp_quantile_fixed,FOODS_2_067_CA_2,3870.6336518507046,3870.6336518507046,0.0,0.0,1.0,1.0,0.0,49.62350835706032,15.0
pp_quantile_fixed,FOODS_2_067_WI_3,1610.6014505060161,1610.6014505060161,0.0,0.0,1.0,1.0,0.0,20.648736544948925,0.0
pp_quantile_fixed,FOODS_2_082_TX_3,1495.9862894579676,1390.4447525044986,105.54153695346895,0.0,0.8955034287589416,0.8717948717948718,0.1282051282051282,17.826214775698702,202.0
pp_quantile_fixed,FOODS_2_084_WI_1,799.7709757461835,771.4633937093287,28.30758203685482,0.0,0.9191211941804147,0.9615384615384616,0.038461538461538464,9.890556329606778,70.0
pp_quantile_fixed,FOODS_2_085_TX_2,640.1018605752655,635.6678982507823,4.433962324483183,0.0,0.9760326360838747,0.9871794871794872,0.01282051282051282,8.149588439112593,37.0
pp_quantile_fixed,FOODS_2_087_WI_3,901.8755603095657,901.8755603095657,0.0,0.0,1.0,1.0,0.0,11.56250718345597,18.0
pp_quantile_fixed,FOODS_2_100_WI_3,1303.0944482847588,1192.6470120213132,110.44743626344552,0.0,0.8399312517921079,0.8974358974358975,0.10256410256410256,15.290346307965555,138.0
pp_quantile_fixed,FOODS_2_101_WI_1,1018.7477684145526,1004.3840759739926,14.363692440559994,0.0,0.9694389522541278,0.9743589743589743,0.02564102564102564,12.876718922743494,94.0
pp_quantile_fixed,FOODS_2_104_CA_2,764.0367885591596,764.0367885591596,0.0,0.0,1.0,1.0,0.0,9.795343443066148,65.0
pp_quantile_fixed,FOODS_2_105_TX_3,841.6659862508081,833.5201349751718,8.145851275636389,0.0,0.9692609385825042,0.9743589743589743,0.02564102564102564,10.686155576604767,53.0
pp_quantile_fixed,FOODS_2_107_CA_1,901.86593897144,885.8528736552175,16.01306531622244,0.0,0.9614143004428375,0.9487179487179487,0.05128205128205128,11.35708812378484,83.0
pp_quantile_fixed,FOODS_2_107_CA_3,1742.4951805914654,1582.863050214391,159.63213037707436,0.0,0.7317107052486145,0.8589743589743589,0.14102564102564102,20.29311602838963,119.0
pp_quantile_fixed,FOODS_2_108_TX_1,621.373495567841,614.7747249324354,6.59877063540554,0.0,0.9685772826885449,0.9743589743589743,0.02564102564102564,7.881727242723532,42.0
pp_quantile_fixed,FOODS_2_108_WI_2,1136.1713636379154,1022.7918958369203,113.37946780099517,0.0,0.8356819307231954,0.8589743589743589,0.14102564102564102,13.11271661329385,138.0
pp_quantile_fixed,FOODS_2_116_TX_3,1562.0918505686377,1482.9202895053754,79.1715610632622,0.0,0.7916537866756258,0.9102564102564102,0.08974358974358974,19.01179858340225,76.0
pp_quantile_fixed,FOODS_2_117_WI_2,2873.620514736668,2758.8296661678223,114.79084856884562,0.0,0.8979636901610262,0.9358974358974359,0.0641025641025641,35.36961110471567,225.0
pp_quantile_fixed,FOODS_2_118_CA_2,468.55879348391096,456.9208725732531,11.63792091065786,0.0,0.9403183543043186,0.9615384615384616,0.038461538461538464,5.857959904785297,39.0
pp_quantile_fixed,FOODS_2_118_CA_4,456.0606647905646,381.28701974526484,74.77364504529979,0.0,0.7124090575180777,0.8333333333333334,0.16666666666666666,4.888295124939293,52.0
pp_quantile_fixed,FOODS_2_124_CA_4,671.5449948420292,671.5449948420292,0.0,0.0,1.0,1.0,0.0,8.609551215923451,21.0
pp_quantile_fixed,FOODS_2_124_WI_2,829.5940479021917,829.5940479021917,0.0,0.0,1.0,1.0,0.0,10.635821126951177,18.0
pp_quantile_fixed,FOODS_2_128_TX_3,13127.969049660427,12713.123801358306,414.84524830212183,0.0,0.7493382185485669,0.8589743589743589,0.14102564102564102,162.98876668408084,331.0
pp_quantile_fixed,FOODS_2_129_TX_2,452.2639036553596,452.2639036553596,0.0,0.0,1.0,1.0,0.0,5.7982551750687135,16.0
pp_quantile_fixed,FOODS_2_130_WI_2,1899.5229943705301,1814.0644045068354,85.45858986369467,0.0,0.9215976239782617,0.8974358974358975,0.10256410256410256,23.25723595521584,218.0
pp_quantile_fixed,FOODS_2_132_TX_2,697.9374704112466,697.9374704112466,0.0,0.0,1.0,1.0,0.0,8.947916287323675,0.0
pp_quantile_fixed,FOODS_2_133_TX_2,727.1323162017873,687.2174482402093,39.914867961578054,0.0,0.849377856748762,0.9230769230769231,0.07692307692307693,8.810480105643709,53.0
pp_quantile_fixed,FOODS_2_133_TX_3,493.33437475335836,396.4352287768006,96.89914597655775,0.0,0.6770028467448075,0.8461538461538461,0.15384615384615385,5.082502933035905,60.0
pp_quantile_fixed,FOODS_2_141_CA_3,976.4262940042727,930.4388984179642,45.98739558630854,0.0,0.9303221278995325,0.9230769230769231,0.07692307692307693,11.928703825871336,132.0
pp_quantile_fixed,FOODS_2_146_WI_1,949.292438476362,912.034697415603,37.257741060758995,0.0,0.9357625154124845,0.9487179487179487,0.05128205128205128,11.692752530969269,116.0
pp_quantile_fixed,FOODS_2_148_CA_2,1226.88499502915,1186.88499502915,40.0,0.0,0.8620689655172413,0.9615384615384616,0.038461538461538464,15.216474295245515,58.0
pp_quantile_fixed,FOODS_2_149_TX_1,1612.8178786149258,1409.0082862205327,203.8095923943932,0.0,0.8413933133117564,0.8333333333333334,0.16666666666666666,18.064208797699138,257.0
pp_quantile_fixed,FOODS_2_155_CA_4,1213.2522764452167,1213.2522764452167,0.0,0.0,1.0,1.0,0.0,15.554516364682266,10.0
pp_quantile_fixed,FOODS_2_159_CA_1,555.6631272073447,555.6631272073447,0.0,0.0,1.0,1.0,0.0,7.123886246248009,30.0
pp_quantile_fixed,FOODS_2_163_TX_3,1138.1855008408916,1053.3616462298821,84.8238546110094,0.0,0.7707463388891638,0.8974358974358975,0.10256410256410256,13.504636490126694,74.0
pp_quantile_fixed,FOODS_2_165_CA_4,717.805133910973,717.805133910973,0.0,0.0,1.0,1.0,0.0,9.202629921935552,10.0
pp_quantile_fixed,FOODS_2_165_TX_1,403.2307590650733,403.2307590650733,0.0,0.0,1.0,1.0,0.0,5.169625116218889,4.0
pp_quantile_fixed,FOODS_2_166_TX_2,2612.657664312239,2612.657664312239,0.0,0.0,1.0,1.0,0.0,33.49561108092614,11.0
pp_quantile_fixed,FOODS_2_169_TX_3,443.6620344251281,441.8469869912264,1.8150474339017464,0.0,0.9757993675479767,0.9871794871794872,0.01282051282051282,5.664704961425979,15.0
pp_quantile_fixed,FOODS_2_172_CA_2,671.524147925636,590.2510281112161,81.27311981441994,0.0,0.8406409415403531,0.9487179487179487,0.05128205128205128,7.567320873220719,102.0
pp_quantile_fixed,FOODS_2_176_WI_3,745.2054090787964,745.2054090787964,0.0,0.0,1.0,1.0,0.0,9.55391550101021,16.0
pp_quantile_fixed,FOODS_2_177_WI_1,976.0757946364107,975.0628291942843,1.0129654421264078,0.0,0.9956895087569089,0.9871794871794872,0.01282051282051282,12.500805502490824,47.0
pp_quantile_fixed,FOODS_2_182_TX_3,854.0009073329442,854.0009073329442,0.0,0.0,1.0,1.0,0.0,10.948729581191591,31.0
pp_quantile_fixed,FOODS_2_183_CA_4,1170.7145887544352,1001.9166361175412,168.79795263689408,0.0,0.850621280852306,0.8589743589743589,0.14102564102564102,12.845085078430015,226.0
pp_quantile_fixed,FOODS_2_186_TX_1,519.9462257363047,503.89060990173675,16.055615834567885,0.0,0.9154967587654321,0.9615384615384616,0.038461538461538464,6.4601360243812405,38.0
pp_quantile_fixed,FOODS_2_187_CA_1,504.78096774168506,504.6998933169328,0.08107442475228765,0.0,0.9996621898968655,0.9871794871794872,0.01282051282051282,6.4705114527811896,48.0
pp_quantile_fixed,FOODS_2_192_CA_2,1295.3593628671663,1295.3593628671663,0.0,0.0,1.0,1.0,0.0,16.607171318809826,116.0
pp_quantile_fixed,FOODS_2_192_TX_1,1620.275827519224,1620.275827519224,0.0,0.0,1.0,1.0,0.0,20.772767019477232,20.0
pp_quantile_fixed,FOODS_2_198_CA_4,574.4756062380161,551.5317541067844,22.943852131231665,0.0,0.7705614786876833,0.9487179487179487,0.05128205128205128,7.070919924445954,20.0
pp_quantile_fixed,FOODS_2_200_TX_1,995.9149881435893,973.9081283912782,22.006859752311108,0.0,0.8532876016512593,0.9487179487179487,0.05128205128205128,12.486001646042029,30.0
pp_quantile_fixed,FOODS_2_201_WI_3,788.7609014540078,714.2609555978689,74.49994585613882,0.0,0.8798387970062278,0.8846153846153846,0.11538461538461539,9.157191738434218,124.0
pp_quantile_fixed,FOODS_2_202_WI_3,653.952328524165,642.6799183024777,11.272410221687235,0.0,0.9590094173756827,0.9743589743589743,0.02564102564102564,8.239486132083048,55.0
pp_quantile_fixed,FOODS_2_204_CA_4,1293.6264742869205,1233.9416732977138,59.68480098920676,0.0,0.9289466654890395,0.9358974358974359,0.0641025641025641,15.819765042278382,168.0
pp_quantile_fixed,FOODS_2_206_CA_3,1814.7068062958033,1781.7388423186221,32.96796397718115,0.0,0.9633689289142432,0.9743589743589743,0.02564102564102564,22.842805670751567,180.0
pp_quantile_fixed,FOODS_2_207_CA_3,606.7968620647639,606.7968620647639,0.0,0.0,1.0,1.0,0.0,7.779446949548255,13.0
pp_quantile_fixed,FOODS_2_208_TX_1,1112.7607086289456,1112.7607086289456,0.0,0.0,1.0,1.0,0.0,14.266162931140329,132.0
pp_quantile_fixed,FOODS_2_212_CA_2,1000.5945681579907,974.415110198954,26.17945795903662,0.0,0.9536646761786962,0.9615384615384616,0.038461538461538464,12.492501412807103,113.0
pp_quantile_fixed,FOODS_2_214_CA_3,1022.1756445417243,1022.1756445417243,0.0,0.0,1.0,1.0,0.0,13.104815955663131,36.0
pp_quantile_fixed,FOODS_2_218_CA_4,626.4356601448259,594.1556265926001,32.28003355222575,0.0,0.8682447610113234,0.9358974358974359,0.0641025641025641,7.617379828110258,49.0
pp_quantile_fixed,FOODS_2_219_TX_1,1102.4887802598591,1078.7973052492503,23.691475010608897,0.0,0.8753080262599532,0.9487179487179487,0.05128205128205128,13.830734682682696,38.0
pp_quantile_fixed,FOODS_2_224_TX_2,568.0535941670936,540.8755302670601,27.178063900033482,0.0,0.8974412683017604,0.9358974358974359,0.0641025641025641,6.934301670090513,53.0
pp_quantile_fixed,FOODS_2_231_CA_1,1539.975348575504,1539.975348575504,0.0,0.0,1.0,1.0,0.0,19.74327369968595,40.0
pp_quantile_fixed,FOODS_2_234_WI_3,687.2329247047945,687.2329247047945,0.0,0.0,1.0,1.0,0.0,8.81067852185634,16.0
pp_quantile_fixed,FOODS_2_235_CA_2,1617.032852347188,1607.2324757333836,9.80037661380436,0.0,0.9769402903204604,0.9871794871794872,0.01282051282051282,20.605544560684404,85.0
pp_quantile_fixed,FOODS_2_241_CA_3,3818.1106691492587,3430.8603910876263,387.25027806163257,0.0,0.9041459707768236,0.8717948717948718,0.1282051282051282,43.985389629328544,808.0
pp_quantile_fixed,FOODS_2_241_WI_3,2366.156636834887,2235.9869713461712,130.16966548871608,0.0,0.9049856456286745,0.8974358974358975,0.10256410256410256,28.66649963264322,274.0
pp_quantile_fixed,FOODS_2_242_CA_3,2006.6805152815512,2001.5111455799836,5.169369701567668,0.0,0.9910097918233607,0.9743589743589743,0.02564102564102564,25.660399302307482,115.0
pp_quantile_fixed,FOODS_2_242_WI_1,1522.3220859846147,1294.9272534188906,227.3948325657241,0.0,0.737115800502053,0.8717948717948718,0.1282051282051282,16.60163145408834,173.0
pp_quantile_fixed,FOODS_2_250_WI_2,1715.305233595167,1699.3855132713338,15.919720323833246,0.0,0.9460348463598873,0.9615384615384616,0.038461538461538464,21.786993759888894,59.0
pp_quantile_fixed,FOODS_2_253_CA_1,747.205911442619,694.3547808019304,52.85113064068861,0.0,0.8875507858708753,0.9230769230769231,0.07692307692307693,8.901984369255517,94.0
pp_quantile_fixed,FOODS_2_254_TX_3,935.261849732359,909.177098802614,26.084750929744985,0.0,0.8977068590990394,0.9487179487179487,0.05128205128205128,11.656116651315564,51.0
pp_quantile_fixed,FOODS_2_254_WI_1,435.7505850246084,399.6296688125551,36.12091621205331,0.0,0.732437657688494,0.9358974358974359,0.0641025641025641,5.123457292468656,27.0
pp_quantile_fixed,FOODS_2_255_TX_2,8634.40000000007,8634.40000000007,0.0,0.0,1.0,1.0,0.0,110.6974358974368,62.0
pp_quantile_fixed,FOODS_2_261_WI_2,1126.9695314241421,1121.3016045346103,5.66792688953182,0.0,0.9872630856415014,0.9871794871794872,0.01282051282051282,14.375661596597569,89.0
pp_quantile_fixed,FOODS_2_270_CA_3,1015.3471710723843,1015.3471710723843,0.0,0.0,1.0,1.0,0.0,13.017271424004926,18.0
pp_quantile_fixed,FOODS_2_270_WI_2,775.8570894875952,767.8570894875954,7.9999999999998295,0.0,0.9542857142857153,0.9871794871794872,0.01282051282051282,9.844321660097377,35.0
pp_quantile_fixed,FOODS_2_271_WI_2,371.4045591553782,371.4045591553782,0.0,0.0,1.0,1.0,0.0,4.7615969122484385,13.0
pp_quantile_fixed,FOODS_2_273_TX_3,548.7030659251336,547.4910336049543,1.212032320179297,0.0,0.9848495959977588,0.9871794871794872,0.01282051282051282,7.0191158154481315,16.0
pp_quantile_fixed,FOODS_2_274_CA_3,2091.445597271112,1987.582070812488,103.8635264586243,0.0,0.9178944454872535,0.8974358974358975,0.10256410256410256,25.481821420672922,253.0
pp_quantile_fixed,FOODS_2_274_TX_2,2201.673249085283,2201.673249085283,0.0,0.0,1.0,1.0,0.0,28.226580116477983,136.0
pp_quantile_fixed,FOODS_2_278_CA_4,658.0030793268932,597.94873321651,60.054346110383094,0.0,0.799818846298723,0.9230769230769231,0.07692307692307693,7.666009400211667,60.0
pp_quantile_fixed,FOODS_2_284_TX_3,624.6047157171731,615.5243720503541,9.080343666818962,0.0,0.9273572506654483,0.9743589743589743,0.02564102564102564,7.8913381032096686,25.0
pp_quantile_fixed,FOODS_2_284_WI_2,535.3361537555451,503.8914183211465,31.444735434398527,0.0,0.8813406210022697,0.9487179487179487,0.05128205128205128,6.460146388732647,53.0
pp_quantile_fixed,FOODS_2_290_WI_1,983.4715381843807,887.5546848064257,95.916853377955,0.0,0.8629759237457786,0.8846153846153846,0.11538461538461539,11.378906215466996,140.0
pp_quantile_fixed,FOODS_2_298_TX_2,1419.488717806482,1419.488717806482,0.0,0.0,1.0,1.0,0.0,18.19857330521131,41.0
pp_quantile_fixed,FOODS_2_306_TX_1,530.0077095108462,527.3657084840639,2.6420010267822303,0.0,0.9889916623884073,0.9871794871794872,0.01282051282051282,6.761098826718769,48.0
pp_quantile_fixed,FOODS_2_309_TX_2,1330.1880775741859,1324.5594789010547,5.6285986731310444,0.0,0.9798978618816748,0.9871794871794872,0.01282051282051282,16.981531780782753,56.0
pp_quantile_fixed,FOODS_2_311_WI_3,808.8457249887451,753.4351177268101,55.41060726193513,0.0,0.8782184455781645,0.9102564102564102,0.08974358974358974,9.659424586241155,91.0
pp_quantile_fixed,FOODS_2_312_CA_1,722.110208014373,722.110208014373,0.0,0.0,1.0,1.0,0.0,9.25782317967145,31.0
pp_quantile_fixed,FOODS_2_312_TX_2,863.4872457275873,837.8913425299226,25.59590319766471,0.0,0.9278988642319304,0.9358974358974359,0.0641025641025641,10.742196699101571,71.0
pp_quantile_fixed,FOODS_2_313_CA_4,855.8334131482138,855.8334131482138,0.0,0.0,1.0,1.0,0.0,10.972223245489921,2.0
pp_quantile_fixed,FOODS_2_321_WI_1,410.41968003832426,375.0737213472762,35.34595869104804,0.0,0.8960412979675058,0.9230769230769231,0.07692307692307693,4.808637453170208,68.0
pp_quantile_fixed,FOODS_2_325_WI_3,3063.06889656768,2521.1008899403637,541.9680066273162,0.0,0.788706430164789,0.7948717948717948,0.20512820512820512,32.32180628128671,513.0
pp_quantile_fixed,FOODS_2_326_WI_1,3453.0401981405644,3095.5052585745498,357.53493956601466,0.0,0.8619556217891835,0.8846153846153846,0.11538461538461539,39.68596485351987,518.0
pp_quantile_fixed,FOODS_2_329_TX_3,454.44605569885954,448.0916390340955,6.354416664764027,0.0,0.9331114035287996,0.9871794871794872,0.01282051282051282,5.744764603001225,19.0
pp_quantile_fixed,FOODS_2_332_TX_2,681.0991915678516,681.0991915678516,0.0,0.0,1.0,1.0,0.0,8.732040917536558,46.0
pp_quantile_fixed,FOODS_2_332_WI_1,528.0866362459325,522.9394182413591,5.147218004573375,0.0,0.9721771999752791,0.9743589743589743,0.02564102564102564,6.704351515914861,37.0
pp_quantile_fixed,FOODS_2_338_TX_3,846.3366243049029,820.0287459731442,26.30787833175873,0.0,0.9561535361137354,0.9358974358974359,0.0641025641025641,10.513189050937745,120.0
pp_quantile_fixed,FOODS_2_340_WI_2,1111.877101279618,1104.3770340457418,7.500067233876262,0.0,0.9836955060133125,0.9743589743589743,0.02564102564102564,14.158679923663357,92.0
pp_quantile_fixed,FOODS_2_342_CA_3,2678.2208369434074,2501.2847394823057,176.93609746110178,0.0,0.9161440296392882,0.8846153846153846,0.11538461538461539,32.06775307028597,422.0
pp_quantile_fixed,FOODS_2_347_WI_3,5643.488423625817,4780.60889167525,862.8795319505675,0.0,0.7424240203132635,0.782051282051282,0.21794871794871795,61.28985758558012,670.0
pp_quantile_fixed,FOODS_2_350_WI_2,1570.0374238988913,1570.0374238988913,0.0,0.0,1.0,1.0,0.0,20.128684921780657,29.0
pp_quantile_fixed,FOODS_2_351_CA_1,850.8451225255926,814.8531273914876,35.991995134104975,0.0,0.8615692494842117,0.9358974358974359,0.0641025641025641,10.446834966557534,52.0
pp_quantile_fixed,FOODS_2_354_CA_4,790.754059022381,773.0441476153754,17.7099114070056,0.0,0.8135798799262568,0.9615384615384616,0.038461538461538464,9.910822405325327,19.0
pp_quantile_fixed,FOODS_2_355_WI_2,1135.1794652899873,1112.2080956269242,22.97136966306315,0.0,0.9699720657999175,0.9358974358974359,0.0641025641025641,14.25907814906313,153.0
pp_quantile_fixed,FOODS_2_356_CA_2,1038.6811726025155,1034.8464056042526,3.8347669982628574,0.0,0.9943606367672605,0.9743589743589743,0.02564102564102564,13.26726161031093,136.0
pp_quantile_fixed,FOODS_2_370_CA_2,894.1356111704432,856.375103979104,37.760507191339194,0.0,0.8393169906751523,0.9358974358974359,0.0641025641025641,10.979167999732102,47.0
pp_quantile_fixed,FOODS_2_370_CA_3,989.7939691846981,986.7514741115581,3.042495073139957,0.0,0.9830972495936668,0.9871794871794872,0.01282051282051282,12.650659924507154,36.0
pp_quantile_fixed,FOODS_2_371_WI_3,4437.039825992523,4406.135413301211,30.904412691311904,0.0,0.9901578303530854,0.9871794871794872,0.01282051282051282,56.48891555514373,628.0
pp_quantile_fixed,FOODS_2_376_TX_1,897.3305933738567,875.6841688557809,21.646424518075822,0.0,0.9078875552422306,0.9358974358974359,0.0641025641025641,11.226720113535652,47.0
pp_quantile_fixed,FOODS_2_386_CA_2,993.2305761908106,993.2305761908106,0.0,0.0,1.0,1.0,0.0,12.733725335779623,49.0
pp_quantile_fixed,FOODS_2_387_WI_2,981.7539866165082,937.4429209469987,44.31106566950955,0.0,0.9201602420369197,0.9102564102564102,0.08974358974358974,12.018498986499983,111.0
pp_quantile_fixed,FOODS_2_389_TX_2,2169.6463332953117,2169.6463332953117,0.0,0.0,1.0,1.0,0.0,27.815978631991175,3.0
pp_quantile_fixed,FOODS_2_390_CA_4,2303.285001723181,2303.285001723181,0.0,0.0,1.0,1.0,0.0,29.529294893886934,4.0
pp_quantile_fixed,FOODS_2_399_TX_2,1294.9800850011263,1251.0357147671107,43.944370234015544,0.0,0.918621536603675,0.9358974358974359,0.0641025641025641,16.038919420091162,108.0
pp_quantile_fixed,FOODS_3_003_WI_3,1779.606314557414,1779.606314557414,0.0,0.0,1.0,1.0,0.0,22.815465571248897,34.0
pp_quantile_fixed,FOODS_3_009_CA_4,457.0448035770489,451.30646672415253,5.738336852896371,0.0,0.9760902631129319,0.9743589743589743,0.02564102564102564,5.78598034261734,48.0
pp_quantile_fixed,FOODS_3_009_TX_2,1198.3578943408615,1165.3242540315268,33.0336403093346,0.0,0.9130693676070143,0.9615384615384616,0.038461538461538464,14.940054538865729,76.0
pp_quantile_fixed,FOODS_3_011_CA_1,1072.9730630076274,843.5255301020572,229.4475329055702,0.0,0.8004804061690693,0.8205128205128205,0.1794871794871795,10.814429873103299,230.0
pp_quantile_fixed,FOODS_3_014_CA_1,2187.520624061897,2187.520624061897,0.0,0.0,1.0,1.0,0.0,28.045136205921754,2.0
pp_quantile_fixed,FOODS_3_019_TX_2,791.1631319965988,783.8077478450552,7.35538415154366,0.0,0.9693525660352348,0.9871794871794872,0.01282051282051282,10.04881728006481,48.0
pp_quantile_fixed,FOODS_3_022_CA_1,501.56920804117243,501.56920804117243,0.0,0.0,1.0,1.0,0.0,6.430374462066313,29.0
pp_quantile_fixed,FOODS_3_023_TX_1,946.9772298996862,883.4833774219713,63.49385247771485,0.0,0.8488241607673456,0.8974358974358975,0.10256410256410256,11.32670996694835,84.0
pp_quantile_fixed,FOODS_3_023_TX_3,663.1741768006808,643.8552344046223,19.31894239605855,0.0,0.9356035253464715,0.9615384615384616,0.038461538461538464,8.254554287238747,60.0
pp_quantile_fixed,FOODS_3_023_WI_2,767.3674647024142,722.3674647024142,45.0,0.0,0.8301886792452831,0.9358974358974359,0.0641025641025641,9.261121342338644,53.0
pp_quantile_fixed,FOODS_3_024_TX_3,4167.3717697069305,4167.3717697069305,0.0,0.0,1.0,1.0,0.0,53.427843201370905,195.0
pp_quantile_fixed,FOODS_3_024_WI_1,7270.0,7270.0,0.0,0.0,1.0,1.0,0.0,93.2051282051282,75.0
pp_quantile_fixed,FOODS_3_026_CA_1,1279.5386914656065,1240.81740299509,38.72128847051645,0.0,0.9549752459645158,0.9487179487179487,0.05128205128205128,15.907915423013975,172.0
pp_quantile_fixed,FOODS_3_030_TX_3,8445.24239336936,7568.590877101427,876.6515162679343,0.0,0.89526266233358,0.8717948717948718,0.1282051282051282,97.03321637309523,1674.0
pp_quantile_fixed,FOODS_3_034_CA_1,1076.9566368354317,998.281448814909,78.67518802052277,0.0,0.8899647719992689,0.9358974358974359,0.0641025641025641,12.798480113011655,143.0
pp_quantile_fixed,FOODS_3_035_WI_1,847.7027255753616,847.7027255753616,0.0,0.0,1.0,1.0,0.0,10.867983661222585,61.0
pp_quantile_fixed,FOODS_3_036_CA_4,949.1812950685386,949.1812950685386,0.0,0.0,1.0,1.0,0.0,12.168990962417162,9.0
pp_quantile_fixed,FOODS_3_038_CA_4,696.0149920850338,662.0100490711355,34.004943013898234,0.0,0.9014349477858022,0.9487179487179487,0.05128205128205128,8.487308321424814,69.0
pp_quantile_fixed,FOODS_3_038_WI_1,1020.0512494953448,956.5813153892444,63.46993410610041,0.0,0.8236946274830544,0.8846153846153846,0.11538461538461539,12.263863017810825,72.0
pp_quantile_fixed,FOODS_3_040_WI_1,1462.476499900215,1339.3049477617924,123.17155213842267,0.0,0.726285439692394,0.8461538461538461,0.15384615384615385,17.170576253356312,90.0
pp_quantile_fixed,FOODS_3_048_TX_1,1616.5658581101577,1616.5658581101577,0.0,0.0,1.0,1.0,0.0,20.725203309104586,64.0
pp_quantile_fixed,FOODS_3_048_TX_3,1497.7555521565037,1465.0714533658868,32.68409879061682,0.0,0.9400291765309784,0.9871794871794872,0.01282051282051282,18.782967350844704,109.0
pp_quantile_fixed,FOODS_3_049_TX_1,672.2847849551204,672.2847849551204,0.0,0.0,1.0,1.0,0.0,8.619035704552825,28.0
pp_quantile_fixed,FOODS_3_050_CA_2,711.4668087179134,690.4434450432765,21.023363674636872,0.0,0.9372436905234721,0.9615384615384616,0.038461538461538464,8.851839039016365,67.0
pp_quantile_fixed,FOODS_3_053_CA_4,757.706013070398,694.017483147569,63.688529922828906,0.0,0.8568797080385867,0.9358974358974359,0.0641025641025641,8.897660040353449,89.0
pp_quantile_fixed,FOODS_3_054_WI_3,2246.40000000001,2246.40000000001,0.0,0.0,1.0,1.0,0.0,28.80000000000013,0.0
pp_quantile_fixed,FOODS_3_057_WI_3,527.8734407694574,527.8734407694574,0.0,0.0,1.0,1.0,0.0,6.767608214993043,20.0
pp_quantile_fixed,FOODS_3_066_CA_4,1957.2581079400481,1678.0118892519638,279.2462186880843,0.0,0.7991034397927451,0.8461538461538461,0.15384615384615385,21.512972939127742,278.0
pp_quantile_fixed,FOODS_3_066_TX_3,2131.407125023895,1846.701101236415,284.70602378747986,0.0,0.7758220285137954,0.8205128205128205,0.1794871794871795,23.675655144056602,254.0
pp_quantile_fixed,FOODS_3_067_CA_4,568.3979327042505,548.672579920567,19.725352783683388,0.0,0.9546543614168199,0.9487179487179487,0.05128205128205128,7.034263845135475,87.0
pp_quantile_fixed,FOODS_3_072_WI_3,636.9473726881632,585.6936344554879,51.253738232675325,0.0,0.7152570098184703,0.8974358974358975,0.10256410256410256,7.508892749429331,36.0
pp_quantile_fixed,FOODS_3_074_CA_2,1316.0712943158778,1157.373415070154,158.69787924572384,0.0,0.8265596948134166,0.8846153846153846,0.11538461538461539,14.838120706027613,183.0
pp_quantile_fixed,FOODS_3_091_TX_1,519.638584269417,486.1753500028822,33.46323426653476,0.0,0.8545076771020227,0.9487179487179487,0.05128205128205128,6.233017307729259,46.0
pp_quantile_fixed,FOODS_3_091_WI_1,518.8904402438695,493.50933688429376,25.381103359575803,0.0,0.8249579078649945,0.9358974358974359,0.0641025641025641,6.327042780567869,29.0
pp_quantile_fixed,FOODS_3_094_TX_2,1335.824509341738,1335.824509341738,0.0,0.0,1.0,1.0,0.0,17.125955247971,99.0
pp_quantile_fixed,FOODS_3_101_WI_3,1656.2520415202944,1579.9421141709338,76.30992734936065,0.0,0.9451007716911075,0.9358974358974359,0.0641025641025641,20.255668130396586,278.0
pp_quantile_fixed,FOODS_3_102_WI_2,911.811303545667,876.2972687069438,35.514034838723205,0.0,0.9354290275659578,0.9487179487179487,0.05128205128205128,11.23458036803774,110.0
pp_quantile_fixed,FOODS_3_103_TX_1,485.86711050939357,485.53408443053746,0.33302607885610236,0.0,0.9971041210534253,0.9871794871794872,0.01282051282051282,6.22479595423766,23.0
pp_quantile_fixed,FOODS_3_103_WI_1,797.0626285081325,760.1308768362557,36.93175167187686,0.0,0.9460850340556541,0.9358974358974359,0.0641025641025641,9.745267651746868,137.0
pp_quantile_fixed,FOODS_3_110_WI_1,750.9503883347859,750.9503883347859,0.0,0.0,1.0,1.0,0.0,9.627569081215203,24.0
pp_quantile_fixed,FOODS_3_111_TX_1,771.3318343638543,766.7254330829116,4.606401280942736,0.0,0.9488177635450809,0.9871794871794872,0.01282051282051282,9.829813244652714,18.0
pp_quantile_fixed,FOODS_3_111_WI_1,541.5201361458306,541.5201361458306,0.0,0.0,1.0,1.0,0.0,6.942565848023469,32.0
pp_quantile_fixed,FOODS_3_117_CA_4,681.3041290341956,656.1827009686106,25.121428065585025,0.0,0.9355860818831153,0.9358974358974359,0.0641025641025641,8.412598730366803,78.0
pp_quantile_fixed,FOODS_3_120_TX_1,7345.254585273264,5958.297914642355,1386.956670630909,0.0,0.7052164355726016,0.7692307692307693,0.23076923076923078,76.38843480310712,941.0
pp_quantile_fixed,FOODS_3_125_CA_1,1938.5147616559334,1938.5147616559334,0.0,0.0,1.0,1.0,0.0,24.852753354563248,48.0
pp_quantile_fixed,FOODS_3_126_WI_1,1155.9572243988302,1155.9572243988302,0.0,0.0,1.0,1.0,0.0,14.819964415369618,125.0
pp_quantile_fixed,FOODS_3_133_CA_1,2480.1118751736876,1919.0285898746583,561.0832852990291,0.0,0.8031286718249021,0.7948717948717948,0.20512820512820512,24.602930639418698,570.0
pp_quantile_fixed,FOODS_3_133_CA_2,2333.880353646521,2085.857005909964,248.02334773655753,0.0,0.8904974182178553,0.8589743589743589,0.14102564102564102,26.741756486025178,453.0
pp_quantile_fixed,FOODS_3_133_TX_1,2210.696061865727,2096.0940291079314,114.60203275779566,0.0,0.8859681266091586,0.9102564102564102,0.08974358974358974,26.87300037317861,201.0
pp_quantile_fixed,FOODS_3_134_TX_1,2833.074542539125,2554.887798005237,278.18674453388815,0.0,0.8344126520631617,0.8461538461538461,0.15384615384615385,32.75497176929791,336.0
pp_quantile_fixed,FOODS_3_136_CA_1,2013.5480138029277,1622.4584463002057,391.0895675027221,0.0,0.7891700444729262,0.8205128205128205,0.1794871794871795,20.800749311541097,371.0
pp_quantile_fixed,FOODS_3_138_WI_3,1079.6612645283024,957.3732586993444,122.28800582895794,0.0,0.8535472984084336,0.8333333333333334,0.16666666666666666,12.274016137171083,167.0
pp_quantile_fixed,FOODS_3_141_TX_3,510.5264791986304,503.94471675557463,6.581762443055785,0.0,0.94016579597222,0.9743589743589743,0.02564102564102564,6.460829701994546,22.0
pp_quantile_fixed,FOODS_3_154_CA_1,1035.8640662631637,1035.8640662631637,0.0,0.0,1.0,1.0,0.0,13.280308541835433,30.0
pp_quantile_fixed,FOODS_3_155_TX_1,330.53371977706064,326.85150358600197,3.682216191058645,0.0,0.9590864867660152,0.9871794871794872,0.01282051282051282,4.190403892128231,18.0
pp_quantile_fixed,FOODS_3_157_CA_2,1339.5211348572975,1339.5211348572975,0.0,0.0,1.0,1.0,0.0,17.173347882785865,60.0
pp_quantile_fixed,FOODS_3_158_WI_3,401.31624246983444,396.21105724151107,5.10518522832339,0.0,0.9647918260115629,0.9743589743589743,0.02564102564102564,5.079628938993731,29.0
pp_quantile_fixed,FOODS_3_160_CA_1,456.7722946193155,301.2354234658082,155.53687115350732,0.0,0.13590627136940386,0.8717948717948718,0.1282051282051282,3.8619926085360023,36.0
pp_quantile_fixed,FOODS_3_160_TX_1,936.0,936.0,0.0,0.0,1.0,1.0,0.0,12.0,0.0
pp_quantile_fixed,FOODS_3_160_WI_2,210.75476265703753,158.36109847543054,52.39366418160698,0.0,0.19394362797527723,0.9487179487179487,0.05128205128205128,2.0302704932747506,13.0
pp_quantile_fixed,FOODS_3_161_WI_1,851.0659692628509,851.0659692628509,0.0,0.0,1.0,1.0,0.0,10.91110217003655,19.0
pp_quantile_fixed,FOODS_3_162_WI_2,806.4163740738151,795.6444846985613,10.77188937525376,0.0,0.9646823299172007,0.9871794871794872,0.01282051282051282,10.200570316648221,61.0
pp_quantile_fixed,FOODS_3_163_TX_2,546.8122470812604,494.6413354260442,52.17091165521616,0.0,0.8800668697581238,0.8974358974358975,0.10256410256410256,6.3415555823851815,87.0
pp_quantile_fixed,FOODS_3_169_TX_3,1347.1239592451248,1292.1796504934161,54.94430875170863,0.0,0.9286437548679108,0.9230769230769231,0.07692307692307693,16.566405775556618,154.0
pp_quantile_fixed,FOODS_3_171_WI_2,454.9635229346977,454.9635229346977,0.0,0.0,1.0,1.0,0.0,5.832865678649971,15.0
pp_quantile_fixed,FOODS_3_172_CA_3,1632.26942502881,1632.26942502881,0.0,0.0,1.0,1.0,0.0,20.92653109011295,166.0
pp_quantile_fixed,FOODS_3_172_TX_3,1750.3364516304873,1748.692990017143,1.6434616133441438,0.0,0.9971664454942343,0.9871794871794872,0.01282051282051282,22.41914089765568,116.0
pp_quantile_fixed,FOODS_3_176_WI_3,607.3087229244474,600.2937089650914,7.0150139593559935,0.0,0.9688221601806399,0.9871794871794872,0.01282051282051282,7.696073191860146,45.0
pp_quantile_fixed,FOODS_3_178_WI_2,854.6862377094045,798.6766896211908,56.00954808821367,0.0,0.9042571827551903,0.9230769230769231,0.07692307692307693,10.239444738733216,117.0
pp_quantile_fixed,FOODS_3_180_WI_1,653.8533280082522,642.1287729996471,11.724555008605133,0.0,0.9615588360373603,0.9615384615384616,0.038461538461538464,8.232420166662143,61.0
pp_quantile_fixed,FOODS_3_184_WI_3,2450.0,2345.0,105.0,0.0,0.6612903225806451,0.8589743589743589,0.14102564102564102,30.064102564102566,62.0
pp_quantile_fixed,FOODS_3_192_TX_2,1067.2752640243323,1042.773979870881,24.501284153451266,0.0,0.9617167435102324,0.9615384615384616,0.038461538461538464,13.368897177831808,128.0
pp_quantile_fixed,FOODS_3_197_WI_1,716.2227825813833,716.2227825813833,0.0,0.0,1.0,1.0,0.0,9.182343366427991,32.0
pp_quantile_fixed,FOODS_3_198_TX_2,1305.9111186674807,1305.9111186674807,0.0,0.0,1.0,1.0,0.0,16.742450239326676,2.0
pp_quantile_fixed,FOODS_3_198_WI_3,1127.5297539291892,1127.5297539291892,0.0,0.0,1.0,1.0,0.0,14.455509665758836,4.0
pp_quantile_fixed,FOODS_3_199_CA_2,2095.29590113771,2082.3558393487797,12.940061788930386,0.0,0.9424886142714205,0.9743589743589743,0.02564102564102564,26.696869735240764,45.0
pp_quantile_fixed,FOODS_3_199_TX_1,1111.711626367013,1111.711626367013,0.0,0.0,1.0,1.0,0.0,14.252713158551447,27.0
pp_quantile_fixed,FOODS_3_204_CA_2,820.3174420837667,790.5234590752003,29.793983008566336,0.0,0.9068938030982302,0.9615384615384616,0.038461538461538464,10.134916141989748,64.0
pp_quantile_fixed,FOODS_3_204_CA_4,1002.4239642040308,1002.4239642040308,0.0,0.0,1.0,1.0,0.0,12.85158928466706,47.0
pp_quantile_fixed,FOODS_3_205_TX_1,2699.618907958988,2699.618907958988,0.0,0.0,1.0,1.0,0.0,34.61049881998703,10.0
pp_quantile_fixed,FOODS_3_208_WI_3,777.4577129284942,696.9204919349145,80.53722099357975,0.0,0.8229951186954291,0.9358974358974359,0.0641025641025641,8.934878101729673,91.0
pp_quantile_fixed,FOODS_3_209_TX_2,772.1964990853205,772.1964990853205,0.0,0.0,1.0,1.0,0.0,9.899955116478468,13.0
pp_quantile_fixed,FOODS_3_210_TX_1,416.1234821634022,416.1234821634022,0.0,0.0,1.0,1.0,0.0,5.3349164379923355,0.0
pp_quantile_fixed,FOODS_3_211_CA_1,1115.8143419190424,899.8547777353249,215.95956418371736,0.0,0.7000561608559481,0.7692307692307693,0.23076923076923078,11.536599714555447,144.0
pp_quantile_fixed,FOODS_3_215_CA_3,1360.7150584779795,1322.7385244871596,37.976533990819874,0.0,0.9582675450650332,0.9615384615384616,0.038461538461538464,16.95818621137384,182.0
pp_quantile_fixed,FOODS_3_215_CA_4,889.828954027677,822.4312022173043,67.39775181037271,0.0,0.8716233298850043,0.9102564102564102,0.08974358974358974,10.543989772016722,105.0
pp_quantile_fixed,FOODS_3_224_CA_1,953.0316703248252,835.287824450907,117.74384587391815,0.0,0.8500078396510596,0.8461538461538461,0.15384615384615385,10.708818262191116,157.0
pp_quantile_fixed,FOODS_3_229_CA_1,1554.9753204120286,1554.9753204120286,0.0,0.0,1.0,1.0,0.0,19.935581030923444,51.0
pp_quantile_fixed,FOODS_3_232_WI_3,623.9321529548865,623.9321529548865,0.0,0.0,1.0,1.0,0.0,7.999130166088289,55.0
pp_quantile_fixed,FOODS_3_237_WI_3,1256.9685675503915,1256.9685675503915,0.0,0.0,1.0,1.0,0.0,16.11498163526143,58.0
pp_quantile_fixed,FOODS_3_239_CA_4,522.0542152969203,494.50545633952663,27.548758957393744,0.0,0.8998226947003863,0.9358974358974359,0.0641025641025641,6.339813542814444,55.0
pp_quantile_fixed,FOODS_3_240_TX_3,755.0534522695186,741.6863284262428,13.367123843275888,0.0,0.961254713497751,0.9871794871794872,0.01282051282051282,9.508799082387728,69.0
pp_quantile_fixed,FOODS_3_243_WI_1,759.7616672362358,759.7616672362358,0.0,0.0,1.0,1.0,0.0,9.740534195336355,19.0
pp_quantile_fixed,FOODS_3_246_CA_2,1126.2418029495682,1065.204693261788,61.03710968778028,0.0,0.9115404207423474,0.9487179487179487,0.05128205128205128,13.656470426433179,138.0
pp_quantile_fixed,FOODS_3_246_TX_2,684.4878462390918,656.7906569150931,27.697189323998685,0.0,0.9061112226305129,0.9358974358974359,0.0641025641025641,8.420393037372989,59.0
pp_quantile_fixed,FOODS_3_247_CA_3,1112.6400705638002,1020.0727286110612,92.567341952739,0.0,0.7821944895229671,0.8974358974358975,0.10256410256410256,13.077855495013605,85.0
pp_quantile_fixed,FOODS_3_255_WI_2,693.992967031875,693.992967031875,0.0,0.0,1.0,1.0,0.0,8.897345731177884,25.0
pp_quantile_fixed,FOODS_3_256_WI_1,543.7013077749592,543.7013077749592,0.0,0.0,1.0,1.0,0.0,6.970529586858452,9.0
pp_quantile_fixed,FOODS_3_257_TX_2,1032.991481719085,964.7539657959989,68.23751592308618,0.0,0.9096191842078329,0.8974358974358975,0.10256410256410256,12.36864058712819,151.0
pp_quantile_fixed,FOODS_3_258_CA_3,2696.9752089752847,2503.018495978433,193.95671299685162,0.0,0.8776298340713871,0.8974358974358975,0.10256410256410256,32.08998071767222,317.0
pp_quantile_fixed,FOODS_3_258_TX_1,1474.8068218861602,1474.8068218861602,0.0,0.0,1.0,1.0,0.0,18.907779767771284,207.0
pp_quantile_fixed,FOODS_3_258_TX_2,1441.5738008388232,1404.3941507991346,37.1796500396886,0.0,0.9647586255547975,0.9743589743589743,0.02564102564102564,18.005053215373522,211.0
pp_quantile_fixed,FOODS_3_258_WI_2,2465.0468858269473,2164.236594909051,300.8102909178965,0.0,0.8310054545405074,0.8333333333333334,0.16666666666666666,27.7466230116545,356.0
pp_quantile_fixed,FOODS_3_265_TX_3,797.8469754612181,777.2258784904138,20.62109697080425,0.0,0.9484472575729894,0.9358974358974359,0.0641025641025641,9.96443433962069,80.0
pp_quantile_fixed,FOODS_3_265_WI_2,721.2167286404823,721.2167286404823,0.0,0.0,1.0,1.0,0.0,9.24636831590362,68.0
pp_quantile_fixed,FOODS_3_270_WI_3,493.17119244165417,493.17119244165417,0.0,0.0,1.0,1.0,0.0,6.322707595405823,31.0
pp_quantile_fixed,FOODS_3_271_WI_2,1216.4051065685396,1181.2856539637773,35.11945260476223,0.0,0.8566552954907665,0.9358974358974359,0.0641025641025641,15.14468787133048,49.0
pp_quantile_fixed,FOODS_3_277_CA_4,828.6684705499993,716.2287805371117,112.43969001288764,0.0,0.7223711357706477,0.8589743589743589,0.14102564102564102,9.182420263296304,81.0
pp_quantile_fixed,FOODS_3_278_WI_2,3200.2418448432772,3027.6977902788367,172.54405456444056,0.0,0.9217487280886892,0.9230769230769231,0.07692307692307693,38.81663833690816,441.0
pp_quantile_fixed,FOODS_3_279_TX_3,431.39539159825387,431.39539159825387,0.0,0.0,1.0,1.0,0.0,5.5307101486955625,14.0
pp_quantile_fixed,FOODS_3_280_WI_3,516.107102090481,469.33533757541113,46.77176451506986,0.0,0.8466499524096069,0.9102564102564102,0.08974358974358974,6.017119712505271,61.0
pp_quantile_fixed,FOODS_3_282_WI_3,17765.953796900434,15774.48584188419,1991.467955016244,0.0,0.8255393819521468,0.8076923076923077,0.19230769230769232,202.23699797287424,2283.0
pp_quantile_fixed,FOODS_3_286_TX_3,706.6253522279675,706.6253522279675,0.0,0.0,1.0,1.0,0.0,9.059299387538045,34.0
pp_quantile_fixed,FOODS_3_286_WI_3,727.5698343586483,682.2200499614165,45.349784397231815,0.0,0.8685513495732411,0.9358974358974359,0.0641025641025641,8.746410896941237,69.0
pp_quantile_fixed,FOODS_3_289_TX_3,484.9248531262123,484.9248531262123,0.0,0.0,1.0,1.0,0.0,6.216985296489901,19.0
pp_quantile_fixed,FOODS_3_295_TX_1,6462.127247409862,5469.150455416805,992.9767919930576,0.0,0.7088044598260828,0.8076923076923077,0.19230769230769232,70.11731353098467,682.0
pp_quantile_fixed,FOODS_3_296_CA_4,903.4508797932134,831.4726145738202,71.97826521939314,0.0,0.767812047679377,0.8717948717948718,0.1282051282051282,10.659905315048977,62.0
pp_quantile_fixed,FOODS_3_300_WI_2,3159.849339513134,2526.60724102006,633.242098493074,0.0,0.601734529249639,0.7307692307692307,0.2692307692307692,32.3924005258982,318.0
pp_quantile_fixed,FOODS_3_302_CA_4,2331.2955272224604,2244.629246421195,86.6662808012654,0.0,0.9158579798045967,0.9102564102564102,0.08974358974358974,28.777298031040964,206.0
pp_quantile_fixed,FOODS_3_309_CA_2,481.04906524920534,481.04906524920534,0.0,0.0,1.0,1.0,0.0,6.167295708323145,24.0
pp_quantile_fixed,FOODS_3_309_WI_1,668.0563834076919,668.0563834076919,0.0,0.0,1.0,1.0,0.0,8.564825428303742,27.0
pp_quantile_fixed,FOODS_3_316_TX_3,663.2005889746056,640.780253456785,22.420335517820646,0.0,0.8050405607146031,0.9487179487179487,0.05128205128205128,8.215131454574166,23.0
pp_quantile_fixed,FOODS_3_318_TX_2,5776.405189913272,5257.916481733721,518.4887081795507,0.0,0.8083221041850089,0.8333333333333334,0.16666666666666666,67.40918566325284,541.0
pp_quantile_fixed,FOODS_3_331_TX_1,962.7730462905743,885.3539133212536,77.41913296932066,0.0,0.902617442805886,0.9230769230769231,0.07692307692307693,11.350691196426327,159.0
pp_quantile_fixed,FOODS_3_335_TX_1,3895.9069895901443,3895.9069895901443,0.0,0.0,1.0,1.0,0.0,49.947525507565956,5.0
pp_quantile_fixed,FOODS_3_337_CA_1,661.3068231631638,661.3068231631638,0.0,0.0,1.0,1.0,0.0,8.478292604655946,41.0
pp_quantile_fixed,FOODS_3_346_WI_3,1584.1053809665818,1454.4747086794423,129.63067228713948,0.0,0.8771273248463133,0.8846153846153846,0.11538461538461539,18.64711164973644,211.0
pp_quantile_fixed,FOODS_3_352_CA_1,1138.0614728301136,1117.1899265367972,20.871546293316552,0.0,0.9051293350303792,0.9615384615384616,0.038461538461538464,14.322947776112784,44.0
pp_quantile_fixed,FOODS_3_354_WI_2,768.6010113741057,751.1833771072432,17.417634266862443,0.0,0.9428930024037295,0.9615384615384616,0.038461538461538464,9.630556116759529,61.0
pp_quantile_fixed,FOODS_3_356_CA_1,2040.996679877712,1903.137233457445,137.85944642026698,0.0,0.8276756919746664,0.8846153846153846,0.11538461538461539,24.399195300736476,160.0
pp_quantile_fixed,FOODS_3_356_TX_2,1040.6373409160017,1008.2360761112878,32.401264804713904,0.0,0.9324973649901794,0.9615384615384616,0.038461538461538464,12.926103539888306,96.0
pp_quantile_fixed,FOODS_3_363_WI_3,2865.9229980035443,2540.352512639857,325.5704853636872,0.0,0.7331389464232073,0.7948717948717948,0.20512820512820512,32.56862195692125,244.0
pp_quantile_fixed,FOODS_3_365_TX_1,726.2857153908467,726.2857153908467,0.0,0.0,1.0,1.0,0.0,9.311355325523676,19.0
pp_quantile_fixed,FOODS_3_367_TX_1,1647.6485178904627,1530.1767327660016,117.47178512446104,0.0,0.7696631664226254,0.8974358974358975,0.10256410256410256,19.617650420076945,102.0
pp_quantile_fixed,FOODS_3_370_CA_1,2665.7270142411808,2665.7270142411808,0.0,0.0,1.0,1.0,0.0,34.17598736206642,41.0
pp_quantile_fixed,FOODS_3_372_TX_3,2049.0144805784234,1904.2249037269926,144.789576851431,0.0,0.9225724187960261,0.9358974358974359,0.0641025641025641,24.413139791371698,374.0
pp_quantile_fixed,FOODS_3_380_TX_3,548.6258627580205,531.5150769067845,17.110785851235942,0.0,0.8444474013524005,0.9615384615384616,0.038461538461538464,6.814295857779289,22.0
pp_quantile_fixed,FOODS_3_384_TX_1,460.4009799954201,460.4009799954201,0.0,0.0,1.0,1.0,0.0,5.90257666660795,22.0
pp_quantile_fixed,FOODS_3_385_CA_4,788.3690423473485,774.859779460351,13.509262886997444,0.0,0.942513774948947,0.9743589743589743,0.02564102564102564,9.934099736671167,47.0
pp_quantile_fixed,FOODS_3_385_TX_3,652.838222361803,652.838222361803,0.0,0.0,1.0,1.0,0.0,8.369720799510295,47.0
pp_quantile_fixed,FOODS_3_387_CA_2,1570.6198951499196,1520.6198951499196,50.0,0.0,0.8,0.9358974358974359,0.0641025641025641,19.495126860896406,50.0
pp_quantile_fixed,FOODS_3_390_TX_2,1096.921209526608,982.8802479394735,114.04096158713438,0.0,0.8448422291331504,0.8461538461538461,0.15384615384615385,12.60102881973684,147.0
pp_quantile_fixed,FOODS_3_392_WI_2,933.3419936063702,857.6403270419959,75.70166656437438,0.0,0.825973180311783,0.9102564102564102,0.08974358974358974,10.995388808230716,87.0
pp_quantile_fixed,FOODS_3_392_WI_3,703.7661782787944,624.5094314549111,79.25674682388335,0.0,0.7914296136213597,0.9230769230769231,0.07692307692307693,8.00653117249886,76.0
pp_quantile_fixed,FOODS_3_393_CA_3,3744.24169510305,3443.179455907713,301.06223919533704,0.0,0.9035056925655971,0.8846153846153846,0.11538461538461539,44.14332635779119,624.0
pp_quantile_fixed,FOODS_3_398_WI_3,601.7728484212597,601.7728484212597,0.0,0.0,1.0,1.0,0.0,7.715036518221278,28.0
pp_quantile_fixed,FOODS_3_403_TX_1,2646.42256768361,2435.610367073073,210.812200610537,0.0,0.8951183081539617,0.8974358974358975,0.10256410256410256,31.22577393683427,402.0
pp_quantile_fixed,FOODS_3_405_TX_3,945.1645965666453,905.5685124628484,39.596084103796954,0.0,0.8657759860888239,0.9487179487179487,0.05128205128205128,11.609852723882671,59.0
pp_quantile_fixed,FOODS_3_408_TX_2,634.3950316447712,634.3950316447712,0.0,0.0,1.0,1.0,0.0,8.133269636471425,8.0
pp_quantile_fixed,FOODS_3_416_CA_4,759.4687531720807,698.6696116923433,60.7991414797374,0.0,0.8759201194291074,0.8717948717948718,0.1282051282051282,8.9573027140044,98.0
pp_quantile_fixed,FOODS_3_416_WI_3,576.1161769448918,541.2175241071485,34.89865283774327,0.0,0.9138304868203871,0.9102564102564102,0.08974358974358974,6.938686206501904,81.0
pp_quantile_fixed,FOODS_3_417_CA_3,663.8397342102031,654.4004064816071,9.439327728596005,0.0,0.9737796451983445,0.9871794871794872,0.01282051282051282,8.389748801046245,72.0
pp_quantile_fixed,FOODS_3_422_CA_1,1447.592056234449,1445.6931570807515,1.898899153697613,0.0,0.9967260359419007,0.9871794871794872,0.01282051282051282,18.53452765488143,116.0
pp_quantile_fixed,FOODS_3_423_WI_2,981.3538096754654,903.4499574393982,77.90385223606724,0.0,0.8122798741299584,0.8974358974358975,0.10256410256410256,11.582691762043567,83.0
pp_quantile_fixed,FOODS_3_425_CA_1,610.0221703669602,586.5743701585402,23.44780020841995,0.0,0.928946059974485,0.9487179487179487,0.05128205128205128,7.520184232801798,66.0
pp_quantile_fixed,FOODS_3_427_WI_3,1414.2871349261504,1414.2871349261504,0.0,0.0,1.0,1.0,0.0,18.131886345207057,17.0
pp_quantile_fixed,FOODS_3_428_TX_3,335.4804955631648,317.9542377885974,17.526257774567384,0.0,0.8539478518786051,0.9615384615384616,0.038461538461538464,4.0763363819050955,24.0
pp_quantile_fixed,FOODS_3_434_CA_1,1453.7538921198336,1352.4206681380006,101.33322398183313,0.0,0.8965987510389458,0.9102564102564102,0.08974358974358974,17.33872651458975,196.0
pp_quantile_fixed,FOODS_3_434_WI_1,1384.8846452137395,1384.8846452137395,0.0,0.0,1.0,1.0,0.0,17.754931348894097,71.0
pp_quantile_fixed,FOODS_3_441_TX_2,22776.0,22776.0,0.0,0.0,1.0,1.0,0.0,292.0,0.0
pp_quantile_fixed,FOODS_3_444_CA_4,10998.0,10998.0,0.0,0.0,1.0,1.0,0.0,141.0,0.0
pp_quantile_fixed,FOODS_3_444_TX_2,42931.20000000006,42931.20000000006,0.0,0.0,1.0,1.0,0.0,550.4000000000008,0.0
pp_quantile_fixed,FOODS_3_445_CA_3,2173.235812636971,1994.7053261872747,178.53048644969633,0.0,0.7143512216804859,0.9102564102564102,0.08974358974358974,25.573145207529162,125.0
pp_quantile_fixed,FOODS_3_449_WI_1,1041.737625650092,955.3088443128972,86.42878133719485,0.0,0.8898996416086691,0.9230769230769231,0.07692307692307693,12.247549286062785,157.0
pp_quantile_fixed,FOODS_3_451_CA_4,1542.7679941364165,1452.801522489415,89.96647164700148,0.0,0.8000745074511078,0.9102564102564102,0.08974358974358974,18.62566054473609,90.0
pp_quantile_fixed,FOODS_3_453_TX_2,422.6601591386566,422.6601591386566,0.0,0.0,1.0,1.0,0.0,5.418719988957136,12.0
pp_quantile_fixed,FOODS_3_453_WI_2,427.8119823962459,427.8119823962459,0.0,0.0,1.0,1.0,0.0,5.484769005080076,32.0
pp_quantile_fixed,FOODS_3_454_CA_1,6032.400000000012,6032.400000000012,0.0,0.0,1.0,1.0,0.0,77.3384615384617,1.0
pp_quantile_fixed,FOODS_3_455_TX_1,7912.281259341982,6871.0539019690605,1041.2273573729217,0.0,0.7948320478082913,0.7948717948717948,0.20512820512820512,88.09043464062898,1015.0
pp_quantile_fixed,FOODS_3_456_CA_4,505.11407515954687,505.11407515954687,0.0,0.0,1.0,1.0,0.0,6.475821476404447,30.0
pp_quantile_fixed,FOODS_3_457_TX_3,646.3535376681307,638.5408699892397,7.812667678890932,0.0,0.8958310976147875,0.9743589743589743,0.02564102564102564,8.186421410118458,15.0
pp_quantile_fixed,FOODS_3_458_TX_1,2661.340613203302,2487.8387897044745,173.5018234988273,0.0,0.9271000741601565,0.8974358974358975,0.10256410256410256,31.895369098775316,476.0
pp_quantile_fixed,FOODS_3_458_WI_1,2290.753097056114,2083.4812493539443,207.27184770216957,0.0,0.878788393156626,0.8846153846153846,0.11538461538461539,26.71129806864031,342.0
pp_quantile_fixed,FOODS_3_464_TX_2,817.7244704896133,810.6271183440866,7.097352145526621,0.0,0.954210631319183,0.9871794871794872,0.01282051282051282,10.392655363385726,31.0
pp_quantile_fixed,FOODS_3_465_CA_3,730.1189946165954,724.6822874195473,5.436707197048092,0.0,0.9778093583793955,0.9743589743589743,0.02564102564102564,9.290798556660862,49.0
pp_quantile_fixed,FOODS_3_465_TX_2,651.6155441207392,651.6155441207392,0.0,0.0,1.0,1.0,0.0,8.354045437445373,27.0
pp_quantile_fixed,FOODS_3_465_WI_3,839.2945154717,782.825826307808,56.46868916389205,0.0,0.8178429381809935,0.9358974358974359,0.0641025641025641,10.036228542407795,62.0
pp_quantile_fixed,FOODS_3_468_TX_2,1820.2859037471137,1810.9643473262126,9.32155642090116,0.0,0.9887692091314443,0.9615384615384616,0.038461538461538464,23.217491632387343,166.0
pp_quantile_fixed,FOODS_3_471_WI_3,656.5511891002636,643.3641697655305,13.187019334733137,0.0,0.9413910251789639,0.9615384615384616,0.038461538461538464,8.24825858673757,45.0
pp_quantile_fixed,FOODS_3_472_CA_1,488.0247931542175,456.2425239229455,31.782269231271954,0.0,0.8370140039421952,0.9230769230769231,0.07692307692307693,5.84926312721725,39.0
pp_quantile_fixed,FOODS_3_474_CA_1,1574.5464827645176,1085.6766064919336,488.86987627258395,0.0,0.6896064277634388,0.7692307692307693,0.23076923076923078,13.918930852460688,315.0
pp_quantile_fixed,FOODS_3_476_TX_3,1624.2648321909683,1466.9878828884591,157.27694930250905,0.0,0.8785506182992209,0.8461538461538461,0.15384615384615385,18.80753696010845,259.0
pp_quantile_fixed,FOODS_3_479_CA_3,2059.2593017590398,2003.5948888034545,55.66441295558523,0.0,0.9304194838055185,0.9230769230769231,0.07692307692307693,25.68711395901865,160.0
pp_quantile_fixed,FOODS_3_479_TX_2,1788.7837474893538,1722.5327388604228,66.25100862893103,0.0,0.8837701603001209,0.9358974358974359,0.0641025641025641,22.083753062313114,114.0
pp_quantile_fixed,FOODS_3_479_TX_3,1073.7119691890114,1049.2019258914415,24.510043297569943,0.0,0.9504847610150101,0.9615384615384616,0.038461538461538464,13.451306742197968,99.0
pp_quantile_fixed,FOODS_3_481_TX_2,539.6299693777147,537.2935407012421,2.3364286764725772,0.0,0.9853973207720463,0.9871794871794872,0.01282051282051282,6.888378726939002,32.0
pp_quantile_fixed,FOODS_3_498_TX_1,4686.7189774841345,4363.456728186818,323.2622492973166,0.0,0.7992159942252691,0.9871794871794872,0.01282051282051282,55.941752925472024,322.0
pp_quantile_fixed,FOODS_3_499_TX_1,4314.325007496615,3841.5339190168343,472.7910884797809,0.0,0.8859370112232133,0.8717948717948718,0.1282051282051282,49.250434859190186,829.0
pp_quantile_fixed,FOODS_3_502_TX_2,1165.973875693511,939.3050112044394,226.6688644890715,0.0,0.7830919957042378,0.8076923076923077,0.19230769230769232,12.042371938518455,209.0
pp_quantile_fixed,FOODS_3_511_CA_1,8260.370228824617,7096.614241570853,1163.755987253765,0.0,0.8729524031382352,0.8589743589743589,0.14102564102564102,90.98223386629299,1832.0
pp_quantile_fixed,FOODS_3_511_WI_2,5813.442024417519,4790.917452040336,1022.524572377183,0.0,0.7213829503059447,0.7692307692307693,0.23076923076923078,61.42201861590174,734.0
pp_quantile_fixed,FOODS_3_512_CA_1,630.3479114456244,630.3479114456244,0.0,0.0,1.0,1.0,0.0,8.081383480072107,12.0
pp_quantile_fixed,FOODS_3_513_CA_1,870.8821340780318,793.9741416108918,76.90799246713993,0.0,0.8877255584421316,0.9102564102564102,0.08974358974358974,10.1791556616781,137.0
pp_quantile_fixed,FOODS_3_514_CA_2,1334.5174687418366,1109.4745834009818,225.0428853408549,0.0,0.7963412802345204,0.8333333333333334,0.16666666666666666,14.224033120525409,221.0
pp_quantile_fixed,FOODS_3_515_CA_1,1944.9931389425894,1744.4157780044673,200.57736093812213,0.0,0.7888659358546082,0.782051282051282,0.21794871794871795,22.36430484621112,190.0
pp_quantile_fixed,FOODS_3_517_TX_1,563.5715707329861,563.5715707329861,0.0,0.0,1.0,1.0,0.0,7.225276547858796,17.0
pp_quantile_fixed,FOODS_3_517_TX_3,375.54266324657715,375.54266324657715,0.0,0.0,1.0,1.0,0.0,4.8146495288022715,17.0
pp_quantile_fixed,FOODS_3_525_CA_4,2018.0,2018.0,0.0,0.0,1.0,1.0,0.0,25.871794871794872,39.0
pp_quantile_fixed,FOODS_3_531_CA_3,698.284858730896,679.7055580814083,18.579300649487713,0.0,0.9348094714053061,0.9615384615384616,0.038461538461538464,8.714173821556516,57.0
pp_quantile_fixed,FOODS_3_532_TX_3,1432.8188657252347,1366.0412082237813,66.77765750145343,0.0,0.9085237568473241,0.9230769230769231,0.07692307692307693,17.51334882338181,146.0
pp_quantile_fixed,FOODS_3_532_WI_1,2544.512605468271,2330.523918437206,213.98868703106538,0.0,0.9097094147548248,0.8846153846153846,0.11538461538461539,29.87851177483597,474.0
pp_quantile_fixed,FOODS_3_533_TX_3,1005.6993381642864,1005.553322301731,0.14601586255542642,0.0,0.9997345166135355,0.9871794871794872,0.01282051282051282,12.891709260278603,110.0
pp_quantile_fixed,FOODS_3_533_WI_3,1553.488042059173,1456.7651650003222,96.72287705885071,0.0,0.893711124111153,0.8974358974358975,0.10256410256410256,18.676476474363106,182.0
pp_quantile_fixed,FOODS_3_538_WI_1,1718.0621014391215,1583.2362277352306,134.82587370389084,0.0,0.8225975346001437,0.8846153846153846,0.11538461538461539,20.29790035557988,152.0
pp_quantile_fixed,FOODS_3_544_TX_2,657.6792597588201,642.5721916316113,15.107068127208834,0.0,0.9487895995687836,0.9615384615384616,0.038461538461538464,8.238105020918093,59.0
pp_quantile_fixed,FOODS_3_545_CA_2,770.0039547057144,761.3680325057217,8.635922199992727,0.0,0.9578735502439379,0.9871794871794872,0.01282051282051282,9.761128621868226,41.0
pp_quantile_fixed,FOODS_3_546_CA_1,5604.075342069643,5221.91452665169,382.16081541795336,0.0,0.7596472859006583,0.8461538461538461,0.15384615384615385,66.94762213656013,318.0
pp_quantile_fixed,FOODS_3_546_CA_3,2317.189567138207,2106.7455177686707,210.44404936953674,0.0,0.8650999683528611,0.8846153846153846,0.11538461538461539,27.009557920111163,312.0
pp_quantile_fixed,FOODS_3_550_TX_1,436.8002971629186,436.8002971629186,0.0,0.0,1.0,1.0,0.0,5.600003809781008,14.0
pp_quantile_fixed,FOODS_3_555_CA_3,9757.50033266787,8301.711034312257,1455.789298355614,0.0,0.8715102119721435,0.8846153846153846,0.11538461538461539,106.43219274759304,2266.0
pp_quantile_fixed,FOODS_3_558_CA_4,702.0,702.0,0.0,0.0,1.0,1.0,0.0,9.0,0.0
pp_quantile_fixed,FOODS_3_563_WI_1,2424.8042467353757,2424.8042467353757,0.0,0.0,1.0,1.0,0.0,31.087233932504816,11.0
pp_quantile_fixed,FOODS_3_573_WI_2,2274.448159933722,2258.8809428509935,15.567217082728497,0.0,0.9797828349574955,0.9871794871794872,0.01282051282051282,28.96001208783325,154.0
pp_quantile_fixed,FOODS_3_575_CA_1,769.0961601377802,753.005747722446,16.090412415334185,0.0,0.9381137984025608,0.9615384615384616,0.038461538461538464,9.653919842595462,52.0
pp_quantile_fixed,FOODS_3_575_WI_1,542.8541734412465,515.9908340481987,26.863339393047774,0.0,0.872079336223582,0.9487179487179487,0.05128205128205128,6.615267103182035,42.0
pp_quantile_fixed,FOODS_3_575_WI_2,486.821948526042,485.27472738082906,1.547221145212907,0.0,0.9922638942739355,0.9871794871794872,0.01282051282051282,6.221470863856783,40.0
pp_quantile_fixed,FOODS_3_578_WI_1,9338.461335839082,9338.461335839082,0.0,0.0,1.0,1.0,0.0,119.72386327998822,0.0
pp_quantile_fixed,FOODS_3_580_CA_1,3562.2744696598825,3399.920939280497,162.35353037938566,0.0,0.8856665279018412,0.8846153846153846,0.11538461538461539,43.588729990775605,284.0
pp_quantile_fixed,FOODS_3_580_CA_3,7889.442714565519,7733.457366192279,155.98534837324024,0.0,0.9454596684009651,0.8974358974358975,0.10256410256410256,99.14688931015742,572.0
pp_quantile_fixed,FOODS_3_582_CA_1,624.4057154864145,499.0733709761859,125.33234451022861,0.0,0.620205016635671,0.8461538461538461,0.15384615384615385,6.398376550976742,66.0
pp_quantile_fixed,FOODS_3_585_WI_1,505.5944789189485,469.9689628381652,35.62551608078326,0.0,0.857497935676867,0.9358974358974359,0.0641025641025641,6.025243113309811,50.0
pp_quantile_fixed,FOODS_3_588_WI_3,953.108618817102,952.3672936862735,0.741325130828514,0.0,0.9983707139981791,0.9871794871794872,0.01282051282051282,12.209837098541968,91.0
pp_quantile_fixed,FOODS_3_596_WI_1,1165.610207699631,1058.0041860274916,107.60602167213943,0.0,0.8646465136199504,0.8974358974358975,0.10256410256410256,13.564156231121688,159.0
pp_quantile_fixed,FOODS_3_599_TX_3,2251.339575495804,2251.339575495804,0.0,0.0,1.0,1.0,0.0,28.86332789097185,2.0
pp_quantile_fixed,FOODS_3_605_WI_3,1295.2080614988708,1270.2080614988708,25.0,0.0,0.868421052631579,0.9487179487179487,0.05128205128205128,16.28471873716501,38.0
pp_quantile_fixed,FOODS_3_606_TX_3,776.6179065790549,724.1510114510273,52.46689512802759,0.0,0.838563399606069,0.9230769230769231,0.07692307692307693,9.283987326295222,65.0
pp_quantile_fixed,FOODS_3_608_CA_3,1188.7111832868502,1188.7111832868502,0.0,0.0,1.0,1.0,0.0,15.239886965216028,51.0
pp_quantile_fixed,FOODS_3_610_TX_1,1335.051783967543,1335.051783967543,0.0,0.0,1.0,1.0,0.0,17.116048512404397,16.0
pp_quantile_fixed,FOODS_3_615_CA_4,807.2515369189407,777.8794720128594,29.37206490608128,0.0,0.9375062448806781,0.9358974358974359,0.0641025641025641,9.972813743754608,94.0
pp_quantile_fixed,FOODS_3_618_WI_3,3186.113376887065,2694.113376887066,491.9999999999993,0.0,0.4377142857142865,0.8461538461538461,0.15384615384615385,34.539915088295714,175.0
pp_quantile_fixed,FOODS_3_625_TX_1,449.17966931832905,449.17966931832905,0.0,0.0,1.0,1.0,0.0,5.7587137092093466,4.0
pp_quantile_fixed,FOODS_3_626_WI_1,585.815418150333,585.815418150333,0.0,0.0,1.0,1.0,0.0,7.510454078850423,19.0
pp_quantile_fixed,FOODS_3_626_WI_2,790.442865829893,777.4428658298932,12.99999999999983,0.0,0.8700000000000017,0.9743589743589743,0.02564102564102564,9.967216228588374,20.0
pp_quantile_fixed,FOODS_3_628_WI_1,2653.7293605733503,2312.5647090535053,341.1646515198448,0.0,0.7938582166043233,0.8333333333333334,0.16666666666666666,29.648265500685966,331.0
pp_quantile_fixed,FOODS_3_633_WI_1,1638.2575626235837,1634.482492487201,3.77507013638267,0.0,0.9882029058238042,0.9871794871794872,0.01282051282051282,20.95490374983591,64.0
pp_quantile_fixed,FOODS_3_634_CA_4,2636.5570079543845,2412.4917027063593,224.0653052480254,0.0,0.802585634142709,0.8717948717948718,0.1282051282051282,30.929380803927682,227.0
pp_quantile_fixed,FOODS_3_638_TX_3,919.0624879646692,909.5663999055178,9.496088059151457,0.0,0.963476584387879,0.9871794871794872,0.01282051282051282,11.661107691096381,52.0
pp_quantile_fixed,FOODS_3_640_WI_2,1329.6731078282867,1329.6731078282867,0.0,0.0,1.0,1.0,0.0,17.047091126003675,82.0
pp_quantile_fixed,FOODS_3_642_TX_3,1180.3748664806456,1180.3748664806456,0.0,0.0,1.0,1.0,0.0,15.133011108726224,57.0
pp_quantile_fixed,FOODS_3_644_WI_2,934.8808336923072,934.8808336923072,0.0,0.0,1.0,1.0,0.0,11.985651714003938,10.0
pp_quantile_fixed,FOODS_3_646_CA_2,1878.8570613134218,1800.7141226268432,78.14293868657859,0.0,0.7395235377114047,0.9102564102564102,0.08974358974358974,23.086078495215936,60.0
pp_quantile_fixed,FOODS_3_646_WI_3,1880.0154739747848,1815.0154739747848,65.0,0.0,0.8505747126436781,0.9230769230769231,0.07692307692307693,23.269429153522882,87.0
pp_quantile_fixed,FOODS_3_651_CA_2,1380.58617166768,1284.9394990881476,95.64667257953246,0.0,0.9340367775313568,0.9102564102564102,0.08974358974358974,16.473583321642916,290.0
pp_quantile_fixed,FOODS_3_657_CA_4,1128.4274644461898,1128.2403102422247,0.18715420396514304,0.0,0.9992201908168119,0.9871794871794872,0.01282051282051282,14.464619362079803,48.0
pp_quantile_fixed,FOODS_3_658_WI_1,1062.4810197829759,992.8925262321328,69.58849355084304,0.0,0.8144306838644185,0.9102564102564102,0.08974358974358974,12.729391361950421,75.0
pp_quantile_fixed,FOODS_3_658_WI_3,648.3203604315221,648.3203604315221,0.0,0.0,1.0,1.0,0.0,8.311799492711822,38.0
pp_quantile_fixed,FOODS_3_662_WI_2,531.6734324370877,531.6734324370877,0.0,0.0,1.0,1.0,0.0,6.816326056885741,11.0
pp_quantile_fixed,FOODS_3_663_CA_1,4927.562948881804,4927.562948881804,0.0,0.0,1.0,1.0,0.0,63.173883960023126,0.0
pp_quantile_fixed,FOODS_3_663_TX_2,864.8738021228395,784.7144612925704,80.15934083026909,0.0,0.8091444265945975,0.8461538461538461,0.15384615384615385,10.06044181144321,84.0
pp_quantile_fixed,FOODS_3_667_TX_3,499.9154631653162,497.70133849038257,2.2141246749336574,0.0,0.9659365434625591,0.9871794871794872,0.01282051282051282,6.38078639090234,13.0
pp_quantile_fixed,FOODS_3_668_WI_3,3877.306502938996,3404.4547026218506,472.8518003171453,0.0,0.8697377960558829,0.8846153846153846,0.11538461538461539,43.6468551618186,726.0
pp_quantile_fixed,FOODS_3_669_TX_1,4707.056331697599,4633.420960418484,73.63537127911388,0.0,0.915845289966727,0.9102564102564102,0.08974358974358974,59.40283282587801,175.0
pp_quantile_fixed,FOODS_3_670_CA_4,938.030240907593,938.030240907593,0.0,0.0,1.0,1.0,0.0,12.026028729584526,21.0
pp_quantile_fixed,FOODS_3_672_TX_2,5669.924050421223,4619.0898236066605,1050.834226814562,0.0,0.7353062400970876,0.7564102564102564,0.24358974358974358,59.219100302649494,794.0
pp_quantile_fixed,FOODS_3_677_WI_2,743.8054377900698,743.8054377900698,0.0,0.0,1.0,1.0,0.0,9.535967151154741,76.0
pp_quantile_fixed,FOODS_3_691_WI_1,698.2580301493942,698.2580301493942,0.0,0.0,1.0,1.0,0.0,8.952026027556336,31.0
pp_quantile_fixed,FOODS_3_693_WI_2,598.4926212113367,598.4926212113367,0.0,0.0,1.0,1.0,0.0,7.672982323222265,7.0
pp_quantile_fixed,FOODS_3_694_WI_3,17813.28625001054,14999.133400564046,2814.1528494464956,0.0,0.8425648755554408,0.8589743589743589,0.14102564102564102,192.2965820585134,3575.0
pp_quantile_fixed,FOODS_3_705_TX_2,655.6162353799714,649.0814605127993,6.534774867172111,0.0,0.9721924473737357,0.9743589743589743,0.02564102564102564,8.32155718606153,47.0
pp_quantile_fixed,FOODS_3_711_CA_3,12101.420378650373,11330.35761213437,771.062766516003,0.0,0.8547904394508469,0.8589743589743589,0.14102564102564102,145.26099502736372,1062.0
pp_quantile_fixed,FOODS_3_712_CA_3,1719.6020780548208,1557.524872791297,162.07720526352387,0.0,0.8047262587186459,0.8846153846153846,0.11538461538461539,19.968267599888424,166.0
pp_quantile_fixed,FOODS_3_718_TX_1,1357.867821354067,1357.867821354067,0.0,0.0,1.0,1.0,0.0,17.40856181223163,6.0
pp_quantile_fixed,FOODS_3_723_WI_3,11344.952241235005,9293.100937653768,2051.8513035812366,0.0,0.8270668939248853,0.8205128205128205,0.1794871794871795,119.14231971350985,2373.0
pp_quantile_fixed,FOODS_3_727_WI_3,1800.840949368702,1597.0630898643733,203.77785950432866,0.0,0.8589772598585961,0.8589743589743589,0.14102564102564102,20.47516781877402,289.0
pp_quantile_fixed,FOODS_3_730_CA_3,803.3178736398216,780.9306289304336,22.387244709387986,0.0,0.9547732430113374,0.9743589743589743,0.02564102564102564,10.011931140133765,99.0
pp_quantile_fixed,FOODS_3_734_TX_1,4805.146860418283,4783.024707228421,22.12215318986196,0.0,0.9914088725476264,0.9871794871794872,0.01282051282051282,61.32082957985155,515.0
pp_quantile_fixed,FOODS_3_735_CA_4,570.3264209772765,570.3264209772765,0.0,0.0,1.0,1.0,0.0,7.311877192016365,28.0
pp_quantile_fixed,FOODS_3_745_TX_3,948.1569948729779,948.1569948729779,0.0,0.0,1.0,1.0,0.0,12.155858908627922,0.0
pp_quantile_fixed,FOODS_3_746_CA_4,1177.21794627372,1079.8282518122332,97.38969446148661,0.0,0.8833656353754652,0.8717948717948718,0.1282051282051282,13.843951946310682,167.0
pp_quantile_fixed,FOODS_3_749_CA_1,2818.4761584085427,2798.4761584085427,20.0,0.0,0.9436619718309859,0.9871794871794872,0.01282051282051282,35.877899466776185,71.0
pp_quantile_fixed,FOODS_3_750_CA_2,2342.0,2192.0,150.0,0.0,0.5588235294117647,0.8589743589743589,0.14102564102564102,28.102564102564102,68.0
pp_quantile_fixed,FOODS_3_753_TX_2,1521.4644075097626,1484.6249750939273,36.839432415835276,0.0,0.9644063454919465,0.9487179487179487,0.05128205128205128,19.03365352684522,207.0
pp_quantile_fixed,FOODS_3_755_TX_3,1748.8889456720326,1747.2147155711277,1.6742301009048077,0.0,0.9967803267290292,0.9871794871794872,0.01282051282051282,22.400188661168304,104.0
pp_quantile_fixed,FOODS_3_756_WI_3,3523.8352450102757,3148.6099251874925,375.2253198227834,0.0,0.854563829526053,0.8461538461538461,0.15384615384615385,40.366793912660164,516.0
pp_quantile_fixed,FOODS_3_757_CA_3,16555.0,16520.0,35.0,0.0,0.9761092150170648,0.9871794871794872,0.01282051282051282,211.7948717948718,293.0
pp_quantile_fixed,FOODS_3_763_TX_2,363.6507337707612,363.6507337707612,0.0,0.0,1.0,1.0,0.0,4.662188894496938,10.0
pp_quantile_fixed,FOODS_3_766_TX_3,383.1799549681024,375.85654444238855,7.323410525713854,0.0,0.9138422291092487,0.9743589743589743,0.02564102564102564,4.818673646697289,17.0
pp_quantile_fixed,FOODS_3_768_CA_2,1201.8733709134435,1075.4194232276245,126.45394768581889,0.0,0.8457878686758308,0.8846153846153846,0.11538461538461539,13.787428502918264,164.0
pp_quantile_fixed,FOODS_3_770_WI_3,697.6195819096141,697.6195819096141,0.0,0.0,1.0,1.0,0.0,8.943840793713001,47.0
pp_quantile_fixed,FOODS_3_774_WI_2,706.4948429449794,695.6046877641455,10.890155180833805,0.0,0.9555503870170049,0.9615384615384616,0.038461538461538464,8.918008817489046,49.0
pp_quantile_fixed,FOODS_3_779_CA_1,1100.0897336333726,1100.0897336333726,0.0,0.0,1.0,1.0,0.0,14.103714533761186,27.0
pp_quantile_fixed,FOODS_3_783_CA_1,2564.0070468501326,2410.7416628987785,153.26538395135415,0.0,0.9059721570850588,0.8974358974358975,0.10256410256410256,30.906944396138186,326.0
pp_quantile_fixed,FOODS_3_783_TX_3,12544.19999999998,12544.19999999998,0.0,0.0,1.0,1.0,0.0,160.82307692307668,96.0
pp_quantile_fixed,FOODS_3_786_CA_2,793.6302769774059,706.4643132430169,87.16596373438888,0.0,0.7544620739876369,0.8846153846153846,0.11538461538461539,9.057234785166884,71.0
pp_quantile_fixed,FOODS_3_788_WI_2,2682.0518260285758,2518.648041131472,163.40378489710372,0.0,0.7791840744633733,0.8461538461538461,0.15384615384615385,32.290359501685536,148.0
pp_quantile_fixed,FOODS_3_791_CA_4,748.0708060040915,748.0708060040915,0.0,0.0,1.0,1.0,0.0,9.590651359026815,53.0
pp_quantile_fixed,FOODS_3_791_WI_2,1929.9483848189352,1929.9483848189352,0.0,0.0,1.0,1.0,0.0,24.74292801049917,37.0
pp_quantile_fixed,FOODS_3_792_CA_1,1270.2224559648798,1201.5880814101095,68.63437455477043,0.0,0.9147399073853784,0.9230769230769231,0.07692307692307693,15.404975402693712,161.0
pp_quantile_fixed,FOODS_3_793_WI_1,1581.072897811435,1431.2731792339284,149.7997185775067,0.0,0.8656504766121016,0.9230769230769231,0.07692307692307693,18.349656144024724,223.0
pp_quantile_fixed,FOODS_3_795_WI_2,1774.0136505384542,1695.2440382696798,78.76961226877448,0.0,0.9437359912365896,0.9230769230769231,0.07692307692307693,21.733897926534357,280.0
pp_quantile_fixed,FOODS_3_799_TX_1,423.88905039112717,423.88905039112717,0.0,0.0,1.0,1.0,0.0,5.434475005014451,6.0
pp_quantile_fixed,FOODS_3_802_WI_3,542.018775954595,542.018775954595,0.0,0.0,1.0,1.0,0.0,6.94895866608455,30.0
pp_quantile_fixed,FOODS_3_805_TX_1,1125.5837790044377,1059.4717523240654,66.11202668037234,0.0,0.889813288866046,0.9487179487179487,0.05128205128205128,13.582971183641863,120.0
pp_quantile_fixed,FOODS_3_806_CA_1,947.5885129179167,947.5885129179167,0.0,0.0,1.0,1.0,0.0,12.14857067843483,21.0
pp_quantile_fixed,FOODS_3_806_CA_4,667.6430206625845,667.6430206625845,0.0,0.0,1.0,1.0,0.0,8.55952590593057,10.0
pp_quantile_fixed,FOODS_3_809_CA_1,1702.911962753475,1523.0083988985532,179.90356385492186,0.0,0.8055096606973817,0.8205128205128205,0.1794871794871795,19.525748703827606,185.0
pp_quantile_fixed,FOODS_3_810_WI_2,2209.6771897771077,2205.3628523191137,4.314337457993904,0.0,0.9812420110522005,0.9871794871794872,0.01282051282051282,28.273882722039918,46.0
pp_quantile_fixed,FOODS_3_813_TX_1,569.0090489857388,536.4813590515953,32.5276899341435,0.0,0.7590541486359741,0.9230769230769231,0.07692307692307693,6.877966141687119,27.0
pp_quantile_fixed,FOODS_3_814_CA_3,1384.9462150642273,1305.2054455390328,79.74076952519454,0.0,0.9222041272924931,0.9230769230769231,0.07692307692307693,16.73340314793632,205.0
pp_quantile_fixed,FOODS_3_818_CA_3,3439.116509629933,3321.2939162923767,117.8225933375559,0.0,0.94094105597115,0.9230769230769231,0.07692307692307693,42.58069123451765,399.0
pp_quantile_fixed,FOODS_3_821_TX_2,424.32494626295784,423.19078181222085,1.134164450737014,0.0,0.9956378290356268,0.9871794871794872,0.01282051282051282,5.425522843746421,52.0
pp_quantile_fixed,FOODS_3_824_TX_3,283.8707317817323,279.68198042216005,4.188751359572209,0.0,0.8324499456171116,0.9871794871794872,0.01282051282051282,3.585666415668719,5.0
pp_quantile_fixed,HOBBIES_1_004_WI_3,2020.1232770315607,2001.4191435569508,18.70413347460989,0.0,0.9720833828737167,0.9871794871794872,0.01282051282051282,25.659219789191678,134.0
pp_quantile_fixed,HOBBIES_1_005_WI_1,691.429796689741,691.429796689741,0.0,0.0,1.0,1.0,0.0,8.864484572945397,64.0
pp_quantile_fixed,HOBBIES_1_009_CA_1,1138.7322809111513,1138.7322809111513,0.0,0.0,1.0,1.0,0.0,14.599131806553222,28.0
pp_quantile_fixed,HOBBIES_1_009_CA_4,2495.9453452867,2495.9453452867,0.0,0.0,1.0,1.0,0.0,31.999299298547438,136.0
pp_quantile_fixed,HOBBIES_1_010_CA_3,484.48742699895536,451.13007102137055,33.357355977584774,0.0,0.8665705760896608,0.9487179487179487,0.05128205128205128,5.78371885924834,50.0
pp_quantile_fixed,HOBBIES_1_012_TX_2,253.14812105025698,249.42342825539743,3.72469279485955,0.0,0.9627530720514045,0.9871794871794872,0.01282051282051282,3.197736259684582,20.0
pp_quantile_fixed,HOBBIES_1_023_CA_3,858.7701240227635,716.7724146990993,141.99770932366425,0.0,0.7971461295376224,0.8589743589743589,0.14102564102564102,9.189389932039735,140.0
pp_quantile_fixed,HOBBIES_1_026_CA_4,554.6356077137599,520.3092104783607,34.32639723539917,0.0,0.8836393314054265,0.9358974358974359,0.0641025641025641,6.670630903568727,59.0
pp_quantile_fixed,HOBBIES_1_027_CA_1,559.3241972819915,559.3241972819915,0.0,0.0,1.0,1.0,0.0,7.1708230420768135,34.0
pp_quantile_fixed,HOBBIES_1_028_WI_3,281.0436804230949,256.9066070103326,24.13707341276225,0.0,0.806903412697902,0.9615384615384616,0.038461538461538464,3.293674448850418,25.0
pp_quantile_fixed,HOBBIES_1_029_WI_3,302.91299093827297,289.4771860688871,13.43580486938587,0.0,0.820855935074855,0.9615384615384616,0.038461538461538464,3.711245975242142,15.0
pp_quantile_fixed,HOBBIES_1_030_WI_2,1225.1062959220285,1209.4619324930072,15.644363429021375,0.0,0.965234747935508,0.9871794871794872,0.01282051282051282,15.50592221144881,90.0
pp_quantile_fixed,HOBBIES_1_032_CA_2,7461.85537774551,7110.230920649206,351.6244570963038,0.0,0.873516382339459,0.9358974358974359,0.0641025641025641,91.15680667498982,556.0
pp_quantile_fixed,HOBBIES_1_043_TX_2,989.0327658047206,989.0327658047206,0.0,0.0,1.0,1.0,0.0,12.679907253906675,86.0
pp_quantile_fixed,HOBBIES_1_043_WI_3,2150.0989253750035,2050.648681981764,99.45024339323957,0.0,0.8936361033227384,0.9230769230769231,0.07692307692307693,26.290367717714926,187.0
pp_quantile_fixed,HOBBIES_1_045_CA_4,539.5701484043211,522.1563314604446,17.413816943876512,0.0,0.7512311865160498,0.9743589743589743,0.02564102564102564,6.694311941800572,14.0
pp_quantile_fixed,HOBBIES_1_050_TX_3,276.4201692198497,223.755557796117,52.66461142373271,0.0,0.7492161360774633,0.8589743589743589,0.14102564102564102,2.8686609973861152,42.0
pp_quantile_fixed,HOBBIES_1_054_CA_4,129.427731542237,129.427731542237,0.0,0.0,1.0,1.0,0.0,1.6593298915671413,13.0
pp_quantile_fixed,HOBBIES_1_057_WI_1,958.6277496138164,928.8855688662031,29.742180747613194,0.0,0.9125229978011378,0.9615384615384616,0.038461538461538464,11.908789344438501,68.0
pp_quantile_fixed,HOBBIES_1_061_CA_4,298.1917199827592,293.4553387511653,4.736381231593887,0.0,0.9052723753681222,0.9871794871794872,0.01282051282051282,3.7622479327072473,10.0
pp_quantile_fixed,HOBBIES_1_065_CA_4,178.61957768839562,178.61957768839562,0.0,0.0,1.0,1.0,0.0,2.2899945857486617,7.0
pp_quantile_fixed,HOBBIES_1_070_WI_2,198.96043095321772,197.79945492837845,1.1609760248392798,0.0,0.9767804795032144,0.9871794871794872,0.01282051282051282,2.5358904477997237,10.0
pp_quantile_fixed,HOBBIES_1_073_CA_2,559.8853009398421,503.74737353665466,56.13792740318745,0.0,0.8030248161291669,0.9230769230769231,0.07692307692307693,6.458299660726341,57.0
pp_quantile_fixed,HOBBIES_1_074_TX_2,521.2388455953381,508.3969798782113,12.841865717126826,0.0,0.9627772008199222,0.9871794871794872,0.01282051282051282,6.517909998438607,69.0
pp_quantile_fixed,HOBBIES_1_086_CA_3,1097.8160891384537,987.9247269117642,109.89136222668945,0.0,0.8019975455374965,0.8589743589743589,0.14102564102564102,12.6657016270739,111.0
pp_quantile_fixed,HOBBIES_1_092_CA_3,353.6238454201826,348.77291857200123,4.850926848181354,0.0,0.9706004433443555,0.9743589743589743,0.02564102564102564,4.471447674000016,33.0
pp_quantile_fixed,HOBBIES_1_092_TX_1,496.5990928944213,483.4152099289549,13.183882965466411,0.0,0.90907666920368,0.9615384615384616,0.038461538461538464,6.197630896525062,29.0
pp_quantile_fixed,HOBBIES_1_103_CA_2,3559.87044032521,3465.79609691636,94.07434340884983,0.0,0.9460892014848998,0.9487179487179487,0.05128205128205128,44.43328329379949,349.0
pp_quantile_fixed,HOBBIES_1_106_TX_3,556.8208782892833,556.8208782892833,0.0,0.0,1.0,1.0,0.0,7.138729208836965,31.0
pp_quantile_fixed,HOBBIES_1_106_WI_3,307.2604279350604,305.9558809734401,1.3045469616202832,0.0,0.9762809643341768,0.9871794871794872,0.01282051282051282,3.9225112945312834,11.0
pp_quantile_fixed,HOBBIES_1_107_WI_2,794.8569199315697,730.3504707502659,64.50644918130378,0.0,0.7419742032747848,0.9102564102564102,0.08974358974358974,9.363467573721358,50.0
pp_quantile_fixed,HOBBIES_1_108_CA_3,812.084240688384,739.6286948254311,72.45554586295293,0.0,0.7770598588832218,0.9230769230769231,0.07692307692307693,9.482419164428604,65.0
pp_quantile_fixed,HOBBIES_1_109_CA_3,1216.0,1201.0,15.0,0.0,0.9117647058823529,0.9615384615384616,0.038461538461538464,15.397435897435898,34.0
pp_quantile_fixed,HOBBIES_1_110_CA_3,465.9655677818709,448.9523161273933,17.01325165447761,0.0,0.837969031862118,0.9615384615384616,0.038461538461538464,5.755798924710171,21.0
pp_quantile_fixed,HOBBIES_1_110_WI_3,159.66969983069293,158.83122782313768,0.8384720075552465,0.0,0.9860254665407459,0.9871794871794872,0.01282051282051282,2.036297792604329,12.0
pp_quantile_fixed,HOBBIES_1_113_TX_2,450.4145994659343,435.75672838396343,14.65787108197091,0.0,0.8604012277907532,0.9615384615384616,0.038461538461538464,5.586624722871326,21.0
pp_quantile_fixed,HOBBIES_1_116_CA_1,445.9119760512939,398.81010494717833,47.10187110411553,0.0,0.8077474648811611,0.8974358974358975,0.10256410256410256,5.112950063425363,49.0
pp_quantile_fixed,HOBBIES_1_116_WI_3,283.04581334590955,277.6858627727889,5.3599505731206465,0.0,0.9025463532159883,0.9743589743589743,0.02564102564102564,3.560075163753704,11.0
pp_quantile_fixed,HOBBIES_1_117_CA_1,381.04140844133366,357.10370494781625,23.93770349351739,0.0,0.7480241737524486,0.9230769230769231,0.07692307692307693,4.578252627536106,19.0
pp_quantile_fixed,HOBBIES_1_122_WI_3,591.025282048157,591.025282048157,0.0,0.0,1.0,1.0,0.0,7.577247205745603,8.0
pp_quantile_fixed,HOBBIES_1_124_TX_3,540.5253794734542,526.7499823606164,13.77539711283788,0.0,0.894035406824324,0.9871794871794872,0.01282051282051282,6.753204902059185,26.0
pp_quantile_fixed,HOBBIES_1_133_WI_1,546.0,546.0,0.0,0.0,1.0,1.0,0.0,7.0,0.0
pp_quantile_fixed,HOBBIES_1_134_CA_4,1761.6543583038156,1736.359617195504,25.294741108311705,0.0,0.9778116306067441,0.9615384615384616,0.038461538461538464,22.261020733275693,228.0
pp_quantile_fixed,HOBBIES_1_135_WI_1,579.979376084818,578.9927918293265,0.986584255491536,0.0,0.9961310421353273,0.9871794871794872,0.01282051282051282,7.422984510632391,51.0
pp_quantile_fixed,HOBBIES_1_137_TX_1,518.9845600937048,457.5705895775968,61.41397051610799,0.0,0.7441084561828833,0.8974358974358975,0.10256410256410256,5.86628960996919,48.0
pp_quantile_fixed,HOBBIES_1_143_WI_1,255.66893857416662,234.27609934145394,21.392839232712664,0.0,0.805519643338976,0.9487179487179487,0.05128205128205128,3.0035397351468456,22.0
pp_quantile_fixed,HOBBIES_1_151_TX_1,414.7077795543645,398.31377230225314,16.394007252111376,0.0,0.9381358216901456,0.9615384615384616,0.038461538461538464,5.106586824387861,53.0
pp_quantile_fixed,HOBBIES_1_152_CA_1,942.5217613239987,929.4176884399797,13.104072884019011,0.0,0.9625597917599455,0.9615384615384616,0.038461538461538464,11.91561139025615,70.0
pp_quantile_fixed,HOBBIES_1_152_CA_3,801.722857707576,774.1134281938238,27.60942951375233,0.0,0.9150479091884544,0.9358974358974359,0.0641025641025641,9.924531130690049,65.0
pp_quantile_fixed,HOBBIES_1_155_CA_2,790.559204960051,728.4842811678044,62.07492379224662,0.0,0.8861010572619328,0.9230769230769231,0.07692307692307693,9.339542066253902,109.0
pp_quantile_fixed,HOBBIES_1_162_TX_1,258.1060835674641,258.1060835674641,0.0,0.0,1.0,1.0,0.0,3.3090523534290273,6.0
pp_quantile_fixed,HOBBIES_1_162_TX_2,353.7757329488784,333.479385420822,20.296347528056398,0.0,0.8438742497841816,0.9358974358974359,0.0641025641025641,4.275376736164384,26.0
pp_quantile_fixed,HOBBIES_1_170_TX_2,245.3855442966521,241.09790054675975,4.287643749892376,0.0,0.938747946430109,0.9871794871794872,0.01282051282051282,3.090998724958458,14.0
pp_quantile_fixed,HOBBIES_1_173_CA_4,299.7773417986007,296.0782326886196,3.6991091099810403,0.0,0.9630089089001895,0.9871794871794872,0.01282051282051282,3.795874778059226,20.0
pp_quantile_fixed,HOBBIES_1_175_WI_1,488.51668151988576,488.51668151988576,0.0,0.0,1.0,1.0,0.0,6.263034378460074,12.0
pp_quantile_fixed,HOBBIES_1_176_TX_3,387.24371519666346,340.2938029189079,46.94991227775556,0.0,0.8228305197065829,0.8846153846153846,0.11538461538461539,4.362741063062922,53.0
pp_quantile_fixed,HOBBIES_1_184_CA_1,451.2989127741468,451.2989127741468,0.0,0.0,1.0,1.0,0.0,5.785883497104446,10.0
pp_quantile_fixed,HOBBIES_1_186_TX_1,235.6605263208075,235.6605263208075,0.0,0.0,1.0,1.0,0.0,3.0212887989847115,12.0
pp_quantile_fixed,HOBBIES_1_187_CA_2,248.27183120869017,241.77872593418732,6.493105274502864,0.0,0.9409717702317922,0.9743589743589743,0.02564102564102564,3.099727255566504,22.0
pp_quantile_fixed,HOBBIES_1_190_TX_2,246.02176163925068,246.02176163925068,0.0,0.0,1.0,1.0,0.0,3.1541251492211626,11.0
pp_quantile_fixed,HOBBIES_1_194_TX_3,1066.5439420550783,1031.8142590865725,34.72968296850578,0.0,0.9411361305618545,0.9487179487179487,0.05128205128205128,13.22838793700734,118.0
pp_quantile_fixed,HOBBIES_1_200_CA_4,425.9447219990254,395.056900037632,30.887821961393396,0.0,0.8764487121544263,0.9358974358974359,0.0641025641025641,5.064832051764513,50.0
pp_quantile_fixed,HOBBIES_1_209_CA_3,6818.431503277537,6446.123317335036,372.3081859425014,0.0,0.8467867547561723,0.8717948717948718,0.1282051282051282,82.64260663250046,486.0
pp_quantile_fixed,HOBBIES_1_212_CA_2,518.6057901561795,518.6057901561795,0.0,0.0,1.0,1.0,0.0,6.6487921814894815,6.0
pp_quantile_fixed,HOBBIES_1_232_WI_3,1409.6965372990448,1344.6965372990448,65.0,0.0,0.7291666666666666,0.9743589743589743,0.02564102564102564,17.2396991961416,48.0
pp_quantile_fixed,HOBBIES_1_239_TX_1,396.3229686284004,383.01446994205065,13.308498686349783,0.0,0.8336437664206278,0.9615384615384616,0.038461538461538464,4.910441922333983,16.0
pp_quantile_fixed,HOBBIES_1_240_CA_2,771.7666986172059,700.4291452796091,71.33755333759677,0.0,0.8614804789561227,0.8974358974358975,0.10256410256410256,8.979860836918066,103.0
pp_quantile_fixed,HOBBIES_1_242_TX_3,655.3366776243054,641.7650788485181,13.5715987757873,0.0,0.9368762847637799,0.9743589743589743,0.02564102564102564,8.227757421134848,43.0
pp_quantile_fixed,HOBBIES_1_245_TX_1,127.2197723352389,119.91387016302747,7.305902172211425,0.0,0.8538819565557715,0.9487179487179487,0.05128205128205128,1.5373573097824034,10.0
pp_quantile_fixed,HOBBIES_1_245_WI_1,437.06451440469505,399.40894900169405,37.65556540300099,0.0,0.7646527162312438,0.9230769230769231,0.07692307692307693,5.12062755130377,32.0
pp_quantile_fixed,HOBBIES_1_252_TX_1,1383.965362990795,1368.965362990795,15.0,0.0,0.9464285714285714,0.9615384615384616,0.038461538461538464,17.550837987061474,56.0
pp_quantile_fixed,HOBBIES_1_257_CA_2,469.1416327737493,466.85206549591373,2.2895672778355536,0.0,0.9758992918122574,0.9871794871794872,0.01282051282051282,5.985282890973253,19.0
pp_quantile_fixed,HOBBIES_1_261_WI_3,2216.036933057813,1974.49887151598,241.53806154183272,0.0,0.7301250709029802,0.9615384615384616,0.038461538461538464,25.314088096358716,179.0
pp_quantile_fixed,HOBBIES_1_264_TX_2,311.98477493866847,308.3623994348354,3.622375503833055,0.0,0.978691908800982,0.9871794871794872,0.01282051282051282,3.953364095318403,34.0
pp_quantile_fixed,HOBBIES_1_267_CA_3,322.4290338084338,322.4290338084338,0.0,0.0,1.0,1.0,0.0,4.133705561646587,14.0
pp_quantile_fixed,HOBBIES_1_267_WI_2,158.51540126506845,158.51540126506845,0.0,0.0,1.0,1.0,0.0,2.032248734167544,6.0
pp_quantile_fixed,HOBBIES_1_277_CA_1,1568.0,1568.0,0.0,0.0,1.0,1.0,0.0,20.102564102564102,17.0
pp_quantile_fixed,HOBBIES_1_279_CA_4,587.0404329793547,563.8666339677919,23.173799011562757,0.0,0.9108700038016817,0.9871794871794872,0.01282051282051282,7.229059409843487,52.0
pp_quantile_fixed,HOBBIES_1_279_TX_3,526.9397662826228,521.7561819454619,5.183584337160898,0.0,0.9853983539798286,0.9743589743589743,0.02564102564102564,6.689181819813614,71.0
pp_quantile_fixed,HOBBIES_1_285_CA_4,260.464064552944,260.464064552944,0.0,0.0,1.0,1.0,0.0,3.3392828788838975,8.0
pp_quantile_fixed,HOBBIES_1_287_WI_1,611.7992084151633,611.7992084151633,0.0,0.0,1.0,1.0,0.0,7.843579595066196,38.0
pp_quantile_fixed,HOBBIES_1_289_WI_1,584.3956589263607,513.7147691978827,70.68088972847805,0.0,0.7719971299081354,0.9102564102564102,0.08974358974358974,6.58608678458824,62.0
pp_quantile_fixed,HOBBIES_1_290_CA_4,477.8175297488404,477.8175297488404,0.0,0.0,1.0,1.0,0.0,6.125865766010774,3.0
pp_quantile_fixed,HOBBIES_1_296_CA_1,555.4508710393014,534.3229063407607,21.12796469854068,0.0,0.8826224183414406,0.9487179487179487,0.05128205128205128,6.850293671035394,36.0
pp_quantile_fixed,HOBBIES_1_297_CA_1,1115.8287995201513,984.0419958844368,131.78680363571445,0.0,0.850242268595779,0.8846153846153846,0.11538461538461539,12.615923024159446,176.0
pp_quantile_fixed,HOBBIES_1_306_CA_4,559.8352268554261,523.7693617733623,36.06586508206377,0.0,0.8322517903159825,0.9230769230769231,0.07692307692307693,6.714991817607209,43.0
pp_quantile_fixed,HOBBIES_1_306_WI_3,234.54757831678768,228.97444387982412,5.573134436963558,0.0,0.9344337125063111,0.9743589743589743,0.02564102564102564,2.9355697933310787,17.0
pp_quantile_fixed,HOBBIES_1_309_WI_1,347.6907882109749,324.9188865395611,22.771901671413822,0.0,0.7153512291073272,0.9487179487179487,0.05128205128205128,4.165626750507193,16.0
pp_quantile_fixed,HOBBIES_1_312_TX_3,1204.6572404761635,1181.7775056646367,22.87973481152683,0.0,0.9373157950369128,0.9743589743589743,0.02564102564102564,15.150993662367137,73.0
pp_quantile_fixed,HOBBIES_1_319_TX_1,1908.058956767572,1880.7452162200937,27.313740547478318,0.0,0.959535199188921,0.9615384615384616,0.038461538461538464,24.11211815666787,135.0
pp_quantile_fixed,HOBBIES_1_323_CA_3,952.2110934111042,816.2746712305147,135.93642218058946,0.0,0.7734392963656842,0.8333333333333334,0.16666666666666666,10.465059887570701,120.0
pp_quantile_fixed,HOBBIES_1_328_TX_1,266.1492640029699,266.1492640029699,0.0,0.0,1.0,1.0,0.0,3.412170051320127,7.0
pp_quantile_fixed,HOBBIES_1_332_WI_1,677.6767287552095,655.3485976485299,22.328131106679585,0.0,0.926793012764985,0.9487179487179487,0.05128205128205128,8.401905098058077,61.0
pp_quantile_fixed,HOBBIES_1_333_CA_2,499.16209921963497,458.2150131886244,40.94708603101053,0.0,0.8720403561530921,0.9358974358974359,0.0641025641025641,5.8745514511362105,64.0
pp_quantile_fixed,HOBBIES_1_333_TX_1,258.6641515661451,252.41512829675014,6.249023269394991,0.0,0.910728239008643,0.9871794871794872,0.01282051282051282,3.2360913884198736,14.0
pp_quantile_fixed,HOBBIES_1_334_TX_1,205.59982784263508,202.18782086713912,3.412006975495947,0.0,0.9379635095364374,0.9871794871794872,0.01282051282051282,2.592151549578707,11.0
pp_quantile_fixed,HOBBIES_1_344_CA_3,895.2685714377011,894.5035017923672,0.7650696453339734,0.0,0.9983368051188393,0.9871794871794872,0.01282051282051282,11.467993612722656,92.0
pp_quantile_fixed,HOBBIES_1_346_CA_4,427.14142834895586,424.8371998674991,2.3042284814567093,0.0,0.9757449633530871,0.9871794871794872,0.01282051282051282,5.4466307675320405,19.0
pp_quantile_fixed,HOBBIES_1_348_CA_4,8114.634072305147,7964.89596725407,149.73810505107764,0.0,0.9276627511830543,0.9871794871794872,0.01282051282051282,102.11405086223166,414.0
pp_quantile_fixed,HOBBIES_1_352_CA_2,749.0658604153215,728.8743403775948,20.191520037726693,0.0,0.9524905410877019,0.9743589743589743,0.02564102564102564,9.344542825353779,85.0
pp_quantile_fixed,HOBBIES_1_361_CA_4,339.9571328487562,328.39949695745867,11.55763589129755,0.0,0.9229490940580163,0.9615384615384616,0.038461538461538464,4.2102499609930595,30.0
pp_quantile_fixed,HOBBIES_1_362_WI_2,306.7134022455638,306.7134022455638,0.0,0.0,1.0,1.0,0.0,3.9322231057123567,4.0
pp_quantile_fixed,HOBBIES_1_367_TX_1,499.8520228538414,472.27250416120546,27.579518692635922,0.0,0.8939249281052464,0.9358974358974359,0.0641025641025641,6.054775694374429,52.0
pp_quantile_fixed,HOBBIES_1_368_CA_1,315.5638677162382,298.7239419192042,16.83992579703397,0.0,0.8979398436543397,0.9487179487179487,0.05128205128205128,3.8297941271692846,33.0
pp_quantile_fixed,HOBBIES_1_372_TX_1,649.9832661113929,621.4426396255179,28.540626485875027,0.0,0.9121826877357692,0.9358974358974359,0.0641025641025641,7.9672133285322815,65.0
pp_quantile_fixed,HOBBIES_1_373_TX_1,420.8868243506564,405.76021597449557,15.12660837616087,0.0,0.9342321374949527,0.9487179487179487,0.05128205128205128,5.202054050955072,46.0
pp_quantile_fixed,HOBBIES_1_374_WI_3,199.2162599843637,189.9245175677234,9.291742416640286,0.0,0.8906853833336437,0.9615384615384616,0.038461538461538464,2.4349297124067104,17.0
pp_quantile_fixed,HOBBIES_1_375_WI_1,198.47978241656207,192.59822161476606,5.881560801796026,0.0,0.8529609799550993,0.9743589743589743,0.02564102564102564,2.469207969420078,8.0
pp_quantile_fixed,HOBBIES_1_380_CA_2,657.5444877622203,648.0753616210133,9.469126141207065,0.0,0.9298583248799477,0.9871794871794872,0.01282051282051282,8.308658482320682,27.0
pp_quantile_fixed,HOBBIES_1_381_TX_2,2909.1327895877243,2868.660856872143,40.47193271558115,0.0,0.9746257475137422,0.9743589743589743,0.02564102564102564,36.777703293232605,319.0
pp_quantile_fixed,HOBBIES_1_385_CA_1,942.0,942.0,0.0,0.0,1.0,1.0,0.0,12.076923076923077,8.0
pp_quantile_fixed,HOBBIES_1_386_CA_3,1872.0,1872.0,0.0,0.0,1.0,1.0,0.0,24.0,15.0
pp_quantile_fixed,HOBBIES_1_386_WI_3,235.19263607569084,235.19263607569084,0.0,0.0,1.0,1.0,0.0,3.0152902060986007,6.0
pp_quantile_fixed,HOBBIES_1_389_CA_3,261.17650665630464,261.17650665630464,0.0,0.0,1.0,1.0,0.0,3.3484167520039056,21.0
pp_quantile_fixed,HOBBIES_1_390_TX_1,230.49858700838155,210.732962815068,19.765624193313556,0.0,0.7364583440891527,0.9230769230769231,0.07692307692307693,2.7017046514752305,15.0
pp_quantile_fixed,HOBBIES_1_393_TX_2,212.2821124927063,208.49421300941503,3.787899483291266,0.0,0.960127373860092,0.9743589743589743,0.02564102564102564,2.6730027308899365,19.0
pp_quantile_fixed,HOBBIES_1_398_TX_3,1568.7256168549598,1568.7256168549598,0.0,0.0,1.0,1.0,0.0,20.111866882755894,34.0
pp_quantile_fixed,HOBBIES_1_399_TX_3,709.7353364270042,709.7353364270042,0.0,0.0,1.0,1.0,0.0,9.099170979833387,5.0
pp_quantile_fixed,HOBBIES_1_400_CA_3,1888.1576195918287,1883.1576195918287,5.0,0.0,0.9886363636363636,0.9871794871794872,0.01282051282051282,24.143046405023444,88.0
pp_quantile_fixed,HOBBIES_1_405_TX_3,238.04528421633452,238.04528421633452,0.0,0.0,1.0,1.0,0.0,3.0518626181581348,9.0
pp_quantile_fixed,HOBBIES_1_406_CA_1,421.9770933443061,421.9770933443061,0.0,0.0,1.0,1.0,0.0,5.409962735183412,7.0
pp_quantile_fixed,HOBBIES_1_410_TX_1,305.8759589836833,305.8759589836833,0.0,0.0,1.0,1.0,0.0,3.9214866536369652,5.0
pp_quantile_fixed,HOBBIES_1_415_CA_1,724.5914033503135,680.9556897687272,43.635713581586266,0.0,0.8614739251378214,0.9487179487179487,0.05128205128205128,8.730201150881118,63.0
pp_quantile_fixed,HOBBIES_1_418_TX_1,517.8418494491475,512.8418494491475,5.0,0.0,0.9411764705882353,0.9871794871794872,0.01282051282051282,6.574895505758302,17.0
pp_quantile_fixed,HOBBIES_1_419_CA_4,260.8411009337114,260.8411009337114,0.0,0.0,1.0,1.0,0.0,3.3441166786373255,5.0
pp_quantile_fixed,HOBBIES_2_007_TX_3,577.4738937083413,569.896979295478,7.57691441286334,0.0,0.9477454178423218,0.9743589743589743,0.02564102564102564,7.306371529429205,29.0
pp_quantile_fixed,HOBBIES_2_008_WI_3,387.8571514775165,380.2215595552487,7.635591922267793,0.0,0.9196253481866549,0.9743589743589743,0.02564102564102564,4.874635378913445,19.0
pp_quantile_fixed,HOBBIES_2_009_WI_2,300.42662848850347,300.42662848850347,0.0,0.0,1.0,1.0,0.0,3.851623442160301,7.0
pp_quantile_fixed,HOBBIES_2_012_TX_2,323.3738468059508,323.3738468059508,0.0,0.0,1.0,1.0,0.0,4.1458185487942405,11.0
pp_quantile_fixed,HOBBIES_2_014_WI_1,303.5903725225175,301.6306353657943,1.9597371567231825,0.0,0.9673377140546137,0.9871794871794872,0.01282051282051282,3.867059427766594,12.0
pp_quantile_fixed,HOBBIES_2_018_CA_2,373.9957937692627,373.9957937692627,0.0,0.0,1.0,1.0,0.0,4.794817868836701,19.0
pp_quantile_fixed,HOBBIES_2_030_TX_2,217.74614856664795,214.07652286212166,3.6696257045262692,0.0,0.933279532644977,0.9871794871794872,0.01282051282051282,2.7445708059246368,11.0
pp_quantile_fixed,HOBBIES_2_030_WI_2,87.13604468299873,87.13604468299873,0.0,0.0,1.0,1.0,0.0,1.1171287779871633,0.0
pp_quantile_fixed,HOBBIES_2_031_CA_2,339.2727836713672,336.38768245383596,2.885101217531263,0.0,0.9778069137112979,0.9743589743589743,0.02564102564102564,4.312662595561999,26.0
pp_quantile_fixed,HOBBIES_2_035_CA_2,495.7580129081627,495.7580129081627,0.0,0.0,1.0,1.0,0.0,6.3558719603610605,11.0
pp_quantile_fixed,HOBBIES_2_038_CA_2,430.0219056954391,411.9954962362098,18.02640945922927,0.0,0.8613353118520825,0.9487179487179487,0.05128205128205128,5.28199354148987,26.0
pp_quantile_fixed,HOBBIES_2_040_TX_1,680.9655382701814,680.9655382701814,0.0,0.0,1.0,1.0,0.0,8.730327413720273,7.0
pp_quantile_fixed,HOBBIES_2_041_TX_2,943.9567733946539,860.5846599892799,83.37211340537394,0.0,0.6597056595699023,0.8974358974358975,0.10256410256410256,11.033136666529229,49.0
pp_quantile_fixed,HOBBIES_2_042_TX_2,766.8637449796952,741.4977246455657,25.36602033412953,0.0,0.8308931977724698,0.9230769230769231,0.07692307692307693,9.50638108519956,30.0
pp_quantile_fixed,HOBBIES_2_045_CA_4,310.0618614827675,305.5978372380135,4.464024244753975,0.0,0.9313227039268619,0.9871794871794872,0.01282051282051282,3.917920990230942,13.0
pp_quantile_fixed,HOBBIES_2_050_WI_2,161.94593274551158,161.94593274551158,0.0,0.0,1.0,1.0,0.0,2.0762299069937384,9.0
pp_quantile_fixed,HOBBIES_2_056_WI_3,453.5761820768024,453.5761820768024,0.0,0.0,1.0,1.0,0.0,5.815079257394903,3.0
pp_quantile_fixed,HOBBIES_2_061_TX_3,242.22747646479073,227.0705586343294,15.156917830461328,0.0,0.724419675809794,0.9615384615384616,0.038461538461538464,2.911161008132428,11.0
pp_quantile_fixed,HOBBIES_2_072_TX_2,361.47014811539196,361.47014811539196,0.0,0.0,1.0,1.0,0.0,4.63423266814605,6.0
pp_quantile_fixed,HOBBIES_2_074_CA_1,415.2080938520249,415.2080938520249,0.0,0.0,1.0,1.0,0.0,5.323180690410576,7.0
pp_quantile_fixed,HOBBIES_2_074_CA_3,301.6019368017865,301.6019368017865,0.0,0.0,1.0,1.0,0.0,3.8666914974588016,10.0
pp_quantile_fixed,HOBBIES_2_076_TX_3,1172.2413292265696,1094.1046037201286,78.13672550644117,0.0,0.6188452414319943,0.8846153846153846,0.11538461538461539,14.026982098976008,41.0
pp_quantile_fixed,HOBBIES_2_076_WI_1,721.6082335056125,714.7903110681553,6.817922437457167,0.0,0.9282323953951878,0.9743589743589743,0.02564102564102564,9.163978347027633,19.0
pp_quantile_fixed,HOBBIES_2_077_WI_1,172.07743247935971,172.07743247935971,0.0,0.0,1.0,1.0,0.0,2.2061209292225605,0.0
pp_quantile_fixed,HOBBIES_2_081_WI_3,1681.522311470116,1681.522311470116,0.0,0.0,1.0,1.0,0.0,21.557978352180974,10.0
pp_quantile_fixed,HOBBIES_2_083_CA_1,830.0890062216697,830.0890062216697,0.0,0.0,1.0,1.0,0.0,10.642166746431663,7.0
pp_quantile_fixed,HOBBIES_2_084_WI_3,170.5852181199032,169.0320527778747,1.5531653420285174,0.0,0.9689366931594297,0.9871794871794872,0.01282051282051282,2.1670775997163423,10.0
pp_quantile_fixed,HOBBIES_2_086_CA_4,287.5228224346322,287.5228224346322,0.0,0.0,1.0,1.0,0.0,3.686190031213233,3.0
pp_quantile_fixed,HOBBIES_2_103_TX_1,396.99908558971913,389.95778870935726,7.041296880361889,0.0,0.9629405427349373,0.9871794871794872,0.01282051282051282,4.9994588296071445,38.0
pp_quantile_fixed,HOBBIES_2_107_WI_3,754.0,754.0,0.0,0.0,1.0,1.0,0.0,9.666666666666666,4.0
pp_quantile_fixed,HOBBIES_2_114_CA_4,250.34179738360075,250.34179738360075,0.0,0.0,1.0,1.0,0.0,3.209510222866676,9.0
pp_quantile_fixed,HOBBIES_2_115_TX_1,738.4909322561397,713.8696697289821,24.621262527157537,0.0,0.9120669195458658,0.9615384615384616,0.038461538461538464,9.152175252935669,56.0
pp_quantile_fixed,HOBBIES_2_116_CA_1,524.1463194163316,510.18297254508786,13.963346871243747,0.0,0.8730604829886932,0.9743589743589743,0.02564102564102564,6.540807340321639,22.0
pp_quantile_fixed,HOBBIES_2_116_CA_2,466.7855115565298,453.13138043776735,13.654131118762463,0.0,0.8988582880091669,0.9743589743589743,0.02564102564102564,5.809376672279068,27.0
pp_quantile_fixed,HOBBIES_2_117_TX_1,870.0653035658327,870.0653035658327,0.0,0.0,1.0,1.0,0.0,11.154683379049137,31.0
pp_quantile_fixed,HOBBIES_2_118_WI_2,234.0,234.0,0.0,0.0,1.0,1.0,0.0,3.0,0.0
pp_quantile_fixed,HOBBIES_2_122_CA_2,1594.3078274200282,1594.3078274200282,0.0,0.0,1.0,1.0,0.0,20.439843941282412,10.0
pp_quantile_fixed,HOBBIES_2_122_TX_1,936.2690884479291,936.2690884479291,0.0,0.0,1.0,1.0,0.0,12.003449851896526,23.0
pp_quantile_fixed,HOBBIES_2_123_TX_1,481.2411108091822,477.829091896118,3.412018913064241,0.0,0.957349763586697,0.9871794871794872,0.01282051282051282,6.126013998668179,16.0
pp_quantile_fixed,HOBBIES_2_124_TX_3,2519.0,2399.0,120.0,0.0,0.6129032258064516,0.9487179487179487,0.05128205128205128,30.756410256410255,62.0
pp_quantile_fixed,HOBBIES_2_128_TX_1,307.56285959558096,299.76922845982125,7.793631135759735,0.0,0.8441273772848052,0.9743589743589743,0.02564102564102564,3.843195236664375,10.0
pp_quantile_fixed,HOBBIES_2_129_WI_1,2002.0321327482868,2002.0321327482868,0.0,0.0,1.0,1.0,0.0,25.667078624978036,24.0
pp_quantile_fixed,HOBBIES_2_132_CA_1,1363.877324136204,1297.2509137132993,66.62641042290463,0.0,0.753235516952205,0.9358974358974359,0.0641025641025641,16.631421970683324,54.0
pp_quantile_fixed,HOBBIES_2_133_CA_3,1015.3916451280484,1015.3916451280484,0.0,0.0,1.0,1.0,0.0,13.017841604205747,30.0
pp_quantile_fixed,HOBBIES_2_134_TX_3,660.8099169162958,658.9932605534042,1.8166563628916954,0.0,0.9636668727421661,0.9871794871794872,0.01282051282051282,8.448631545556465,10.0
pp_quantile_fixed,HOBBIES_2_137_CA_2,727.5348184164557,727.5348184164557,0.0,0.0,1.0,1.0,0.0,9.327369466877636,0.0
pp_quantile_fixed,HOBBIES_2_144_WI_1,502.00407271426906,502.00407271426906,0.0,0.0,1.0,1.0,0.0,6.435949650182937,10.0
pp_quantile_fixed,HOUSEHOLD_1_005_CA_4,477.02514418077146,408.5328318958933,68.49231228487812,0.0,0.7790570571455544,0.8846153846153846,0.11538461538461539,5.237600408921709,62.0
pp_quantile_fixed,HOUSEHOLD_1_006_CA_4,618.84545231041,595.9467295733605,22.898722737049564,0.0,0.9119279894728862,0.9615384615384616,0.038461538461538464,7.640342686837955,52.0
pp_quantile_fixed,HOUSEHOLD_1_006_WI_2,506.4929056507403,497.13282844730827,9.360077203431993,0.0,0.9564647571933396,0.9871794871794872,0.01282051282051282,6.373497800606517,43.0
pp_quantile_fixed,HOUSEHOLD_1_008_WI_3,215.41708948507403,188.7866035752882,26.630485909785826,0.0,0.7869561127217135,0.9102564102564102,0.08974358974358974,2.4203410714780538,25.0
pp_quantile_fixed,HOUSEHOLD_1_010_CA_2,1991.4424234796265,1991.4424234796265,0.0,0.0,1.0,1.0,0.0,25.531313121533675,65.0
pp_quantile_fixed,HOUSEHOLD_1_013_CA_3,937.4910248801259,920.9730752957247,16.517949584401173,0.0,0.972470084025998,0.9615384615384616,0.038461538461538464,11.807347119175958,120.0
pp_quantile_fixed,HOUSEHOLD_1_014_CA_2,1363.3070003169385,1305.0632195517207,58.24378076521761,0.0,0.906809950775652,0.9487179487179487,0.05128205128205128,16.731579737842573,125.0
pp_quantile_fixed,HOUSEHOLD_1_014_WI_3,479.5490724825867,452.43942155932217,27.109650923264535,0.0,0.8493908282040858,0.9230769230769231,0.07692307692307693,5.800505404606694,36.0
pp_quantile_fixed,HOUSEHOLD_1_015_WI_2,1297.0,1297.0,0.0,0.0,1.0,1.0,0.0,16.628205128205128,1.0
pp_quantile_fixed,HOUSEHOLD_1_020_WI_1,784.2668501649315,734.165923783827,50.100926381104514,0.0,0.8608307600524875,0.9358974358974359,0.0641025641025641,9.412383638254193,72.0
pp_quantile_fixed,HOUSEHOLD_1_021_WI_2,853.4996330605646,540.9048820397038,312.5947510208608,0.0,0.6620597286260964,0.7435897435897436,0.2564102564102564,6.934677974867998,185.0
pp_quantile_fixed,HOUSEHOLD_1_024_CA_2,1060.6213550151556,1027.3672302443215,33.254124770834196,0.0,0.9244224437026496,0.9487179487179487,0.05128205128205128,13.171374746722071,88.0
pp_quantile_fixed,HOUSEHOLD_1_026_CA_2,2102.848468243621,1842.069814505179,260.7786537384422,0.0,0.6327061214951518,0.7564102564102564,0.24358974358974358,23.61627967314332,142.0
pp_quantile_fixed,HOUSEHOLD_1_029_CA_2,1993.8350774387957,1931.7051279334346,62.129949505361,0.0,0.893794958110494,0.9230769230769231,0.07692307692307693,24.765450358120955,117.0
pp_quantile_fixed,HOUSEHOLD_1_032_WI_1,790.7596667599244,732.1317164278105,58.627950332113926,0.0,0.7942878935715302,0.9358974358974359,0.0641025641025641,9.386304056766802,57.0
pp_quantile_fixed,HOUSEHOLD_1_033_TX_2,1760.2820218775166,1655.0435222662502,105.23849961126646,0.0,0.808657273434061,0.9102564102564102,0.08974358974358974,21.218506695721157,110.0
pp_quantile_fixed,HOUSEHOLD_1_034_WI_1,510.64131980245605,506.7985703086774,3.84274949377863,0.0,0.9573027834024597,0.9871794871794872,0.01282051282051282,6.497417568059967,18.0
pp_quantile_fixed,HOUSEHOLD_1_043_CA_3,933.512836372073,879.8294435534388,53.68339281863422,0.0,0.880703571514146,0.8717948717948718,0.1282051282051282,11.279864660941522,90.0
pp_quantile_fixed,HOUSEHOLD_1_049_CA_1,3510.0,3510.0,0.0,0.0,1.0,1.0,0.0,45.0,0.0
pp_quantile_fixed,HOUSEHOLD_1_049_WI_1,702.0,702.0,0.0,0.0,1.0,1.0,0.0,9.0,0.0
pp_quantile_fixed,HOUSEHOLD_1_051_WI_1,1721.8904227340286,1687.6624740561822,34.227948677846456,0.0,0.9740697358501162,0.9615384615384616,0.038461538461538464,21.63669838533567,264.0
pp_quantile_fixed,HOUSEHOLD_1_058_CA_3,2070.43772012829,2028.1279482816312,42.309771846658606,0.0,0.9622234179940549,0.9743589743589743,0.02564102564102564,26.001640362585015,224.0
pp_quantile_fixed,HOUSEHOLD_1_068_TX_1,413.55890351247854,413.0124885135256,0.5464149989529155,0.0,0.987857444467713,0.9871794871794872,0.01282051282051282,5.2950319040195595,9.0
pp_quantile_fixed,HOUSEHOLD_1_071_CA_1,1977.2268873594994,1739.930609441059,237.29627791844047,0.0,0.8651725693645225,0.8589743589743589,0.14102564102564102,22.306802685141783,352.0
pp_quantile_fixed,HOUSEHOLD_1_071_TX_2,1745.2003833276449,1462.530710373755,282.66967295389,0.0,0.8307367227821019,0.8333333333333334,0.16666666666666666,18.750393722740448,334.0
pp_quantile_fixed,HOUSEHOLD_1_079_WI_1,855.5124184184086,731.9609417208828,123.55147669752577,0.0,0.7773847266711248,0.8461538461538461,0.15384615384615385,9.384114637447215,111.0
pp_quantile_fixed,HOUSEHOLD_1_080_WI_1,426.3680785720491,422.1580806239566,4.209997948092523,0.0,0.9663200164152599,0.9871794871794872,0.01282051282051282,5.412283084922521,25.0
pp_quantile_fixed,HOUSEHOLD_1_080_WI_2,556.6098587746073,529.0345652756515,27.57529349895578,0.0,0.8774431400046409,0.9230769230769231,0.07692307692307693,6.782494426610917,45.0
pp_quantile_fixed,HOUSEHOLD_1_083_TX_1,3494.456016191374,3087.6276708240225,406.82834536735186,0.0,0.8410826775908782,0.8589743589743589,0.14102564102564102,39.58497013876952,512.0
pp_quantile_fixed,HOUSEHOLD_1_083_WI_3,4907.843969802056,4674.999572429984,232.84439737207137,0.0,0.9274628045569873,0.9102564102564102,0.08974358974358974,59.93589195423057,642.0
pp_quantile_fixed,HOUSEHOLD_1_088_TX_3,607.7486387076636,605.1490095980784,2.599629109585262,0.0,0.9917472091759197,0.9871794871794872,0.01282051282051282,7.758320635872799,63.0
pp_quantile_fixed,HOUSEHOLD_1_091_WI_3,339.83763612875845,331.65527399307433,8.182362135684143,0.0,0.8909018381908781,0.9743589743589743,0.02564102564102564,4.251990692218902,15.0
pp_quantile_fixed,HOUSEHOLD_1_093_CA_2,933.6497181711428,878.5616763599526,55.08804181119029,0.0,0.8898239163776194,0.9358974358974359,0.0641025641025641,11.263611235384007,100.0
pp_quantile_fixed,HOUSEHOLD_1_095_TX_2,271.7268322367355,251.10679402018172,20.62003821655378,0.0,0.6827686428222497,0.9358974358974359,0.0641025641025641,3.2193178720536118,13.0
pp_quantile_fixed,HOUSEHOLD_1_095_TX_3,171.19307978595106,168.04884207114728,3.1442377148037925,0.0,0.9516271120799416,0.9871794871794872,0.01282051282051282,2.154472334245478,13.0
pp_quantile_fixed,HOUSEHOLD_1_096_WI_2,3499.63502811573,2610.89103830318,888.7439898125506,0.0,0.7858448217319155,0.7435897435897436,0.2564102564102564,33.47296202952795,830.0
pp_quantile_fixed,HOUSEHOLD_1_098_CA_4,268.3650563297254,266.8590087024129,1.5060476273124923,0.0,0.9768300365028847,0.9871794871794872,0.01282051282051282,3.421269342338627,13.0
pp_quantile_fixed,HOUSEHOLD_1_102_WI_3,1099.8025411317278,949.5423225038297,150.2602186278981,0.0,0.7024550126180236,0.8461538461538461,0.15384615384615385,12.173619519279868,101.0
pp_quantile_fixed,HOUSEHOLD_1_106_TX_3,2807.2628229670017,2103.702656643336,703.5601663236657,0.0,0.7689457581859883,0.7435897435897436,0.2564102564102564,26.970546880042768,609.0
pp_quantile_fixed,HOUSEHOLD_1_119_TX_2,1483.3427335881706,1471.4679275641793,11.874806023991304,0.0,0.9860296399717748,0.9871794871794872,0.01282051282051282,18.86497343030999,170.0
pp_quantile_fixed,HOUSEHOLD_1_120_CA_2,558.4434233731787,541.0492924062247,17.394130966953973,0.0,0.9006049659031201,0.9487179487179487,0.05128205128205128,6.936529389823393,35.0
pp_quantile_fixed,HOUSEHOLD_1_127_WI_1,443.9038014529989,417.00527375377123,26.89852769922765,0.0,0.8462941274329848,0.9487179487179487,0.05128205128205128,5.346221458381683,35.0
pp_quantile_fixed,HOUSEHOLD_1_128_WI_2,2196.0012665745926,2100.072545354397,95.92872122019568,0.0,0.8909900895225049,0.8717948717948718,0.1282051282051282,26.924006991723036,176.0
pp_quantile_fixed,HOUSEHOLD_1_131_CA_1,732.4971587240263,688.0551482094139,44.442010514612384,0.0,0.8383926890377732,0.9230769230769231,0.07692307692307693,8.82121984883864,55.0
pp_quantile_fixed,HOUSEHOLD_1_131_TX_1,1133.6386075555122,1115.5578616034697,18.080745952042445,0.0,0.946027624023754,0.9615384615384616,0.038461538461538464,14.302023866711151,67.0
pp_quantile_fixed,HOUSEHOLD_1_136_WI_3,1307.219598163949,1307.219598163949,0.0,0.0,1.0,1.0,0.0,16.759225617486525,131.0
pp_quantile_fixed,HOUSEHOLD_1_145_CA_2,1963.233597045268,1938.9540517467312,24.279545298536647,0.0,0.9791591885849471,0.9871794871794872,0.01282051282051282,24.858385278804246,233.0
pp_quantile_fixed,HOUSEHOLD_1_155_WI_3,379.91385139562436,330.94829190496944,48.965559490654925,0.0,0.7119672971137945,0.9102564102564102,0.08974358974358974,4.24292681929448,34.0
pp_quantile_fixed,HOUSEHOLD_1_157_WI_1,955.8673901956776,955.8673901956776,0.0,0.0,1.0,1.0,0.0,12.254710130713814,23.0
pp_quantile_fixed,HOUSEHOLD_1_158_CA_3,911.0510737513513,861.716248202377,49.33482554897432,0.0,0.8666626336514208,0.9102564102564102,0.08974358974358974,11.047644207722781,74.0
pp_quantile_fixed,HOUSEHOLD_1_160_WI_2,1268.0954631217376,1137.2425356901651,130.85292743157248,0.0,0.7922969405848056,0.8589743589743589,0.14102564102564102,14.580032508848271,126.0
pp_quantile_fixed,HOUSEHOLD_1_161_CA_2,687.4698437992242,679.678414074253,7.791429724971142,0.0,0.978357139652858,0.9871794871794872,0.01282051282051282,8.713825821464782,72.0
pp_quantile_fixed,HOUSEHOLD_1_162_TX_1,2586.4990097780314,2586.4990097780314,0.0,0.0,1.0,1.0,0.0,33.160243715102965,38.0
pp_quantile_fixed,HOUSEHOLD_1_163_CA_1,465.5923426663844,465.5923426663844,0.0,0.0,1.0,1.0,0.0,5.96913259828698,22.0
pp_quantile_fixed,HOUSEHOLD_1_165_CA_1,380.3033598542818,372.60438726981437,7.698972584467434,0.0,0.9615051370776628,0.9871794871794872,0.01282051282051282,4.776979323971979,40.0
pp_quantile_fixed,HOUSEHOLD_1_165_TX_1,1026.695217124021,1026.695217124021,0.0,0.0,1.0,1.0,0.0,13.162759193897704,77.0
pp_quantile_fixed,HOUSEHOLD_1_167_WI_1,576.8185156334376,568.3456820813062,8.47283355213138,0.0,0.9470447902991789,0.9871794871794872,0.01282051282051282,7.28648310360649,32.0
pp_quantile_fixed,HOUSEHOLD_1_175_TX_2,694.3307001380094,661.1186915632934,33.21200857471599,0.0,0.950429837948185,0.9358974358974359,0.0641025641025641,8.475880661067864,134.0
pp_quantile_fixed,HOUSEHOLD_1_175_WI_3,369.1165206541639,362.844636100245,6.271884553918889,0.0,0.9619885784610976,0.9871794871794872,0.01282051282051282,4.6518543089775,33.0
pp_quantile_fixed,HOUSEHOLD_1_185_WI_3,683.4364113593743,586.9630159990584,96.47339536031593,0.0,0.7879705596476573,0.8589743589743589,0.14102564102564102,7.525166871782799,91.0
pp_quantile_fixed,HOUSEHOLD_1_186_WI_2,2007.1065562961776,1753.081056163214,254.02550013296343,0.0,0.8772823670855249,0.8589743589743589,0.14102564102564102,22.47539815593864,414.0
pp_quantile_fixed,HOUSEHOLD_1_188_TX_2,591.693486830492,591.693486830492,0.0,0.0,1.0,1.0,0.0,7.585813933724257,52.0
pp_quantile_fixed,HOUSEHOLD_1_190_WI_3,731.6878686228803,694.2231351275884,37.46473349529186,0.0,0.8864705045597217,0.9358974358974359,0.0641025641025641,8.900296604199852,66.0
pp_quantile_fixed,HOUSEHOLD_1_191_TX_3,2072.3360804776444,2072.3360804776444,0.0,0.0,1.0,1.0,0.0,26.56841128817493,86.0
pp_quantile_fixed,HOUSEHOLD_1_194_CA_1,728.4261721223945,728.4261721223945,0.0,0.0,1.0,1.0,0.0,9.338797078492238,35.0
pp_quantile_fixed,HOUSEHOLD_1_195_CA_2,533.397256218447,533.397256218447,0.0,0.0,1.0,1.0,0.0,6.838426361774961,31.0
pp_quantile_fixed,HOUSEHOLD_1_201_TX_2,1067.8886405693147,1067.8886405693147,0.0,0.0,1.0,1.0,0.0,13.690880007298906,23.0
pp_quantile_fixed,HOUSEHOLD_1_205_WI_3,938.1034494191978,916.8954137856931,21.20803563350467,0.0,0.9242570155946261,0.9487179487179487,0.05128205128205128,11.755069407508886,56.0
pp_quantile_fixed,HOUSEHOLD_1_206_CA_4,545.7227162944546,545.4011435577363,0.3215727367183252,0.0,0.9919606815820419,0.9871794871794872,0.01282051282051282,6.992322353304312,8.0
pp_quantile_fixed,HOUSEHOLD_1_207_TX_1,548.240409865582,532.9865235043968,15.253886361185218,0.0,0.891043668848677,0.9615384615384616,0.038461538461538464,6.833160557748677,28.0
pp_quantile_fixed,HOUSEHOLD_1_208_WI_3,1560.8136621199124,1557.331628266084,3.48203385382849,0.0,0.9955358540335533,0.9871794871794872,0.01282051282051282,19.965790105975437,156.0
pp_quantile_fixed,HOUSEHOLD_1_211_TX_2,459.3527849964744,456.5083656117807,2.8444193846936905,0.0,0.9883901249604339,0.9871794871794872,0.01282051282051282,5.852671353997188,49.0
pp_quantile_fixed,HOUSEHOLD_1_212_WI_2,850.1651012482175,844.3798567001057,5.78524454811177,0.0,0.9881933784732414,0.9871794871794872,0.01282051282051282,10.825382778206484,98.0
pp_quantile_fixed,HOUSEHOLD_1_216_TX_1,248.13926208960376,248.13926208960376,0.0,0.0,1.0,1.0,0.0,3.181272590892356,9.0
pp_quantile_fixed,HOUSEHOLD_1_217_WI_3,838.0290486338808,834.7926220855678,3.236426548313016,0.0,0.9920088233374987,0.9871794871794872,0.01282051282051282,10.702469513917537,81.0
pp_quantile_fixed,HOUSEHOLD_1_218_CA_1,949.4620953875369,946.9639089555352,2.49818643200177,0.0,0.9932481447783735,0.9871794871794872,0.01282051282051282,12.140562935327374,74.0
pp_quantile_fixed,HOUSEHOLD_1_219_TX_3,417.53445454051655,398.5156547691423,19.018799771374226,0.0,0.9332673692232482,0.9615384615384616,0.038461538461538464,5.10917506114285,57.0
pp_quantile_fixed,HOUSEHOLD_1_220_TX_3,785.9372162701743,767.980115969225,17.95710030094927,0.0,0.9673507267255467,0.9487179487179487,0.05128205128205128,9.845898922682371,110.0
pp_quantile_fixed,HOUSEHOLD_1_221_CA_2,642.771569078476,605.5226081064716,37.24896097200439,0.0,0.8993271325080961,0.9615384615384616,0.038461538461538464,7.763110360339379,74.0
pp_quantile_fixed,HOUSEHOLD_1_224_WI_2,699.8340372369897,665.9074195751987,33.92661766179106,0.0,0.8956104071944891,0.9102564102564102,0.08974358974358974,8.537274609938445,65.0
pp_quantile_fixed,HOUSEHOLD_1_225_CA_4,752.6633116792423,728.0909706065211,24.572341072721233,0.0,0.9152677894044096,0.9358974358974359,0.0641025641025641,9.334499623160527,58.0
pp_quantile_fixed,HOUSEHOLD_1_225_TX_2,1536.2952200577215,1489.3561524359454,46.939067621775976,0.0,0.9535256756220041,0.9358974358974359,0.0641025641025641,19.094309646614686,202.0
pp_quantile_fixed,HOUSEHOLD_1_230_TX_3,524.1883726364135,514.6234964246357,9.564876211777849,0.0,0.8937235976469127,0.9743589743589743,0.02564102564102564,6.597737133649176,18.0
pp_quantile_fixed,HOUSEHOLD_1_238_CA_3,1180.693550894686,1085.504977756658,95.1885731380279,0.0,0.8981940394245692,0.8974358974358975,0.10256410256410256,13.916730484059718,187.0
pp_quantile_fixed,HOUSEHOLD_1_244_CA_3,945.4280147791304,854.1893948728194,91.23861990631102,0.0,0.8822727485079859,0.8846153846153846,0.11538461538461539,10.95114608811307,155.0
pp_quantile_fixed,HOUSEHOLD_1_246_CA_2,3765.0640231457314,3364.7258166476768,400.3382064980548,0.0,0.8408197986091234,0.8589743589743589,0.14102564102564102,43.13751046984201,503.0
pp_quantile_fixed,HOUSEHOLD_1_248_CA_4,350.9835606439937,347.2962959056078,3.687264738385947,0.0,0.9776529409794791,0.9615384615384616,0.038461538461538464,4.452516614174459,33.0
pp_quantile_fixed,HOUSEHOLD_1_249_WI_3,431.79139059651067,400.77389971641,31.017490880100624,0.0,0.8449125455994968,0.9230769230769231,0.07692307692307693,5.138126919441154,40.0
pp_quantile_fixed,HOUSEHOLD_1_264_TX_3,491.24688422264444,491.24688422264444,0.0,0.0,1.0,1.0,0.0,6.29803697721339,23.0
pp_quantile_fixed,HOUSEHOLD_1_265_CA_3,412.7134091729783,391.50712195159656,21.206287221381743,0.0,0.9168380893279149,0.9487179487179487,0.05128205128205128,5.01932207630252,51.0
pp_quantile_fixed,HOUSEHOLD_1_272_CA_3,19610.20000000001,19610.20000000001,0.0,0.0,1.0,1.0,0.0,251.41282051282067,186.0
pp_quantile_fixed,HOUSEHOLD_1_298_TX_3,1024.4895053233754,1009.5888266403546,14.900678683020931,0.0,0.9215753753525215,0.9743589743589743,0.02564102564102564,12.94344649538916,38.0
pp_quantile_fixed,HOUSEHOLD_1_304_CA_3,3120.4293221370576,2478.6260671960554,641.8032549410023,0.0,0.8395491862647495,0.8333333333333334,0.16666666666666666,31.7772572717443,800.0
pp_quantile_fixed,HOUSEHOLD_1_304_CA_4,802.7371393938188,677.0929108014188,125.64422859239997,0.0,0.8324743618768,0.8205128205128205,0.1794871794871795,8.680678343607934,150.0
pp_quantile_fixed,HOUSEHOLD_1_309_TX_2,467.3822153940771,452.6840984471542,14.69811694692288,0.0,0.8530188305307712,0.9743589743589743,0.02564102564102564,5.803642287784029,20.0
pp_quantile_fixed,HOUSEHOLD_1_314_TX_3,712.4792355956192,712.4792355956192,0.0,0.0,1.0,1.0,0.0,9.13434917430281,54.0
pp_quantile_fixed,HOUSEHOLD_1_317_CA_1,1529.739375115382,1529.739375115382,0.0,0.0,1.0,1.0,0.0,19.612043270710025,100.0
pp_quantile_fixed,HOUSEHOLD_1_317_TX_3,935.768881599708,935.768881599708,0.0,0.0,1.0,1.0,0.0,11.997036943586,63.0
pp_quantile_fixed,HOUSEHOLD_1_320_WI_3,414.07352240486773,395.8257427515065,18.24777965336123,0.0,0.8859513771664923,0.9487179487179487,0.05128205128205128,5.074689009634699,32.0
pp_quantile_fixed,HOUSEHOLD_1_332_WI_3,132.35888165020356,115.90254427912572,16.456337371077833,0.0,0.3417465051568867,0.9615384615384616,0.038461538461538464,1.4859300548605863,5.0
pp_quantile_fixed,HOUSEHOLD_1_333_WI_2,484.1201020959369,472.447934061699,11.67216803423785,0.0,0.9469446907534643,0.9615384615384616,0.038461538461538464,6.057024795662808,44.0
pp_quantile_fixed,HOUSEHOLD_1_338_WI_1,690.4084181383635,683.2889844164854,7.119433721878021,0.0,0.9815079643587583,0.9615384615384616,0.038461538461538464,8.760115184826736,77.0
pp_quantile_fixed,HOUSEHOLD_1_342_TX_2,849.6090290655009,793.2819332431774,56.32709582232346,0.0,0.845679189527881,0.8974358974358975,0.10256410256410256,10.170281195425352,73.0
pp_quantile_fixed,HOUSEHOLD_1_344_CA_1,1100.0785097670896,1100.0785097670896,0.0,0.0,1.0,1.0,0.0,14.10357063803961,45.0
pp_quantile_fixed,HOUSEHOLD_1_344_TX_1,1930.1238681603884,1682.7603275542804,247.36354060610793,0.0,0.8270185030726518,0.8333333333333334,0.16666666666666666,21.573850353260006,286.0
pp_quantile_fixed,HOUSEHOLD_1_349_TX_2,1059.0272592321408,1054.7587405114307,4.268518720710119,0.0,0.9900732122774183,0.9871794871794872,0.01282051282051282,13.522547955274753,86.0
pp_quantile_fixed,HOUSEHOLD_1_361_WI_3,1811.1386369262787,1785.0111217397957,26.127515186483024,0.0,0.96996837334887,0.9743589743589743,0.02564102564102564,22.88475797102302,174.0
pp_quantile_fixed,HOUSEHOLD_1_368_TX_3,532.2771789825581,532.2771789825581,0.0,0.0,1.0,1.0,0.0,6.824066397212284,4.0
pp_quantile_fixed,HOUSEHOLD_1_369_CA_1,954.16810223198,762.6095154887292,191.55858674325077,0.0,0.784765632872752,0.8589743589743589,0.14102564102564102,9.777045070368324,178.0
pp_quantile_fixed,HOUSEHOLD_1_371_CA_1,802.2494909632308,794.8932138075518,7.35627715567901,0.0,0.9873167635246913,0.9743589743589743,0.02564102564102564,10.190938638558356,116.0
pp_quantile_fixed,HOUSEHOLD_1_377_TX_1,300.5938692678001,296.56439771911823,4.029471548681851,0.0,0.9525944523684489,0.9871794871794872,0.01282051282051282,3.8021076630656183,17.0
pp_quantile_fixed,HOUSEHOLD_1_380_CA_1,599.9622824024431,583.6167820374034,16.34550036503967,0.0,0.9512074615968965,0.9487179487179487,0.05128205128205128,7.482266436376967,67.0
pp_quantile_fixed,HOUSEHOLD_1_384_CA_2,486.67895914466476,477.232762186538,9.44619695812671,0.0,0.9709347785903795,0.9615384615384616,0.038461538461538464,6.118368745981257,65.0
pp_quantile_fixed,HOUSEHOLD_1_385_CA_3,2192.485476699356,2095.444889051183,97.04058764817276,0.0,0.9454828159279929,0.9358974358974359,0.0641025641025641,26.864678064758756,356.0
pp_quantile_fixed,HOUSEHOLD_1_386_CA_2,598.956577345426,386.09369247080326,212.8628848746227,0.0,0.6566727663312538,0.7435897435897436,0.2564102564102564,4.9499191342410676,124.0
pp_quantile_fixed,HOUSEHOLD_1_389_CA_1,4206.10238293057,3966.7229348994956,239.37944803107357,0.0,0.8544805787045147,0.9230769230769231,0.07692307692307693,50.85542224230122,329.0
pp_quantile_fixed,HOUSEHOLD_1_390_WI_2,1406.99146558426,1272.5548513087745,134.43661427548557,0.0,0.8360529094201394,0.8717948717948718,0.1282051282051282,16.31480578600993,164.0
pp_quantile_fixed,HOUSEHOLD_1_394_CA_3,856.3416300074385,829.4167673312209,26.924862676217725,0.0,0.9366473819383112,0.9358974358974359,0.0641025641025641,10.633548299118216,85.0
pp_quantile_fixed,HOUSEHOLD_1_395_CA_3,880.2438869506489,830.0230682263532,50.220818724295725,0.0,0.8544324094947949,0.9102564102564102,0.08974358974358974,10.64132138751735,69.0
pp_quantile_fixed,HOUSEHOLD_1_396_TX_1,847.5814089711797,810.4516193792394,37.12978959194022,0.0,0.931871945702862,0.9358974358974359,0.0641025641025641,10.390405376656917,109.0
pp_quantile_fixed,HOUSEHOLD_1_397_WI_1,1064.127086916828,867.8247753274286,196.30231158939932,0.0,0.7717414981518612,0.8076923076923077,0.19230769230769232,11.125958658043956,172.0
pp_quantile_fixed,HOUSEHOLD_1_398_CA_4,326.9197070668837,314.98132732871073,11.938379738172937,0.0,0.9204108017455136,0.9487179487179487,0.05128205128205128,4.038222145239881,30.0
pp_quantile_fixed,HOUSEHOLD_1_399_TX_3,2140.8248713408107,1492.1065708024837,648.7183005383268,0.0,0.7893771751498938,0.7435897435897436,0.2564102564102564,19.129571420544664,616.0
pp_quantile_fixed,HOUSEHOLD_1_401_CA_2,287.5730817593251,286.55650706873996,1.016574690585088,0.0,0.9907584119037719,0.9871794871794872,0.01282051282051282,3.673801372676153,22.0
pp_quantile_fixed,HOUSEHOLD_1_402_TX_2,281.69880224105617,278.7080363639666,2.9907658770896006,0.0,0.9778461786882252,0.9871794871794872,0.01282051282051282,3.573179953384187,27.0
pp_quantile_fixed,HOUSEHOLD_1_404_TX_2,877.402114844137,850.1477416904428,27.254373153694296,0.0,0.9091520894876857,0.9358974358974359,0.0641025641025641,10.899330021672343,60.0
pp_quantile_fixed,HOUSEHOLD_1_407_CA_4,585.5833290244022,550.5784732784105,35.00485574599185,0.0,0.7878493591152009,0.9358974358974359,0.0641025641025641,7.058698375364236,33.0
pp_quantile_fixed,HOUSEHOLD_1_411_WI_3,1434.27063580682,1399.347324763147,34.92331104367299,0.0,0.9370751152366252,0.9487179487179487,0.05128205128205128,17.940350317476245,111.0
pp_quantile_fixed,HOUSEHOLD_1_415_CA_3,605.0017919111672,588.7545469156026,16.247244995564483,0.0,0.9475895322723725,0.9487179487179487,0.05128205128205128,7.548135216866701,62.0
pp_quantile_fixed,HOUSEHOLD_1_419_WI_2,399.7996831199812,384.4722725043299,15.327410615651264,0.0,0.7956345251246498,0.9743589743589743,0.02564102564102564,4.92913169877346,15.0
pp_quantile_fixed,HOUSEHOLD_1_421_WI_3,749.548038727766,745.9088767870873,3.6391619406787434,0.0,0.9891368300278246,0.9871794871794872,0.01282051282051282,9.56293431778317,67.0
pp_quantile_fixed,HOUSEHOLD_1_423_CA_4,394.30544906793676,394.30544906793676,0.0,0.0,1.0,1.0,0.0,5.055198064973548,13.0
pp_quantile_fixed,HOUSEHOLD_1_425_CA_4,760.3809550284811,688.7385211202509,71.64243390823025,0.0,0.8252623563213898,0.8846153846153846,0.11538461538461539,8.829981040003217,82.0
pp_quantile_fixed,HOUSEHOLD_1_431_TX_2,1493.9610215215137,1377.8711200708422,116.08990145067149,0.0,0.8844876602480881,0.8205128205128205,0.1794871794871795,17.66501435988259,201.0
pp_quantile_fixed,HOUSEHOLD_1_433_WI_1,269.3506795111708,269.3506795111708,0.0,0.0,1.0,1.0,0.0,3.4532138398868053,15.0
pp_quantile_fixed,HOUSEHOLD_1_437_WI_1,1224.3475583934287,1022.3509572935674,201.99660109986127,0.0,0.8212419459293263,0.8589743589743589,0.14102564102564102,13.107063555045736,226.0
pp_quantile_fixed,HOUSEHOLD_1_439_WI_3,3556.0010615821066,3556.0010615821066,0.0,0.0,1.0,1.0,0.0,45.589757199770595,98.0
pp_quantile_fixed,HOUSEHOLD_1_442_CA_4,341.8291101276709,315.16878528810474,26.660324839566147,0.0,0.9064550005629257,0.9358974358974359,0.0641025641025641,4.040625452411599,57.0
pp_quantile_fixed,HOUSEHOLD_1_445_TX_3,1093.4022064516003,854.4689562654767,238.93325018612353,0.0,0.7388707648239087,0.7435897435897436,0.2564102564102564,10.954730208531752,183.0
pp_quantile_fixed,HOUSEHOLD_1_448_CA_4,1080.9792569710942,1063.771426684479,17.20783028661522,0.0,0.9726859836720393,0.9743589743589743,0.02564102564102564,13.638095213903576,126.0
pp_quantile_fixed,HOUSEHOLD_1_450_TX_2,886.1581153742891,849.9771919204866,36.18092345380256,0.0,0.9008741823183491,0.9102564102564102,0.08974358974358974,10.897143486160084,73.0
pp_quantile_fixed,HOUSEHOLD_1_458_CA_2,1099.2649658055325,981.0735951544536,118.19137065107877,0.0,0.8494377443935304,0.8461538461538461,0.15384615384615385,12.577866604544278,157.0
pp_quantile_fixed,HOUSEHOLD_1_459_WI_2,15902.118749119158,13327.856250048026,2574.2624990711315,0.0,0.7815644888357123,0.7564102564102564,0.24358974358974358,170.86995192369264,2357.0
pp_quantile_fixed,HOUSEHOLD_1_462_WI_1,2986.21014650536,2862.7156526627446,123.4944938426155,0.0,0.7024229064033362,0.9230769230769231,0.07692307692307693,36.70148272644544,83.0
pp_quantile_fixed,HOUSEHOLD_1_467_CA_1,593.0304182900626,593.0304182900626,0.0,0.0,1.0,1.0,0.0,7.602954080641828,58.0
pp_quantile_fixed,HOUSEHOLD_1_473_WI_2,3810.860933674059,3335.6132786445696,475.2476550294895,0.0,0.8383511377450716,0.8205128205128205,0.1794871794871795,42.764272803135505,588.0
pp_quantile_fixed,HOUSEHOLD_1_474_TX_2,7282.830157519676,6379.212741331982,903.6174161876935,0.0,0.7989727661428936,0.7564102564102564,0.24358974358974358,81.78477873502541,899.0
pp_quantile_fixed,HOUSEHOLD_1_481_CA_1,849.4512361964463,736.8316179242802,112.61961827216616,0.0,0.835591798142823,0.8333333333333334,0.16666666666666666,9.446559204157438,137.0
pp_quantile_fixed,HOUSEHOLD_1_482_WI_1,737.7592008988095,689.8992728750285,47.85992802378102,0.0,0.8504377249256843,0.8974358974358975,0.10256410256410256,8.844862472756775,64.0
pp_quantile_fixed,HOUSEHOLD_1_491_TX_1,840.6439888049497,815.5063437328295,25.137645072120254,0.0,0.927137260660521,0.9487179487179487,0.05128205128205128,10.455209535036275,69.0
pp_quantile_fixed,HOUSEHOLD_1_491_WI_3,608.7004885688151,601.8175841102747,6.882904458540455,0.0,0.9724683821658382,0.9743589743589743,0.02564102564102564,7.715610052695829,50.0
pp_quantile_fixed,HOUSEHOLD_1_492_WI_2,648.1520661667237,643.7149434223605,4.437122744363116,0.0,0.9317365731636443,0.9871794871794872,0.01282051282051282,8.252755684902057,13.0
pp_quantile_fixed,HOUSEHOLD_1_494_CA_2,1229.6859778057237,1149.6811737601643,80.00480404555958,0.0,0.9269362520131876,0.9102564102564102,0.08974358974358974,14.739502227694414,219.0
pp_quantile_fixed,HOUSEHOLD_1_494_TX_1,1333.8928236575148,1172.4238336857372,161.4689899717775,0.0,0.8870846223973584,0.8717948717948718,0.1282051282051282,15.031074790842785,286.0
pp_quantile_fixed,HOUSEHOLD_1_500_TX_3,169.706902184605,166.9084701953526,2.79843198925241,0.0,0.9067189336915863,0.9871794871794872,0.01282051282051282,2.1398521819917002,6.0
pp_quantile_fixed,HOUSEHOLD_1_501_TX_3,407.65630596683775,407.65630596683775,0.0,0.0,1.0,1.0,0.0,5.22636289701074,7.0
pp_quantile_fixed,HOUSEHOLD_1_503_WI_1,700.9055732641092,684.2977037693158,16.60786949479334,0.0,0.9634991879235311,0.9743589743589743,0.02564102564102564,8.773047484221998,91.0
pp_quantile_fixed,HOUSEHOLD_1_504_CA_3,598.3235629604942,574.5779305320943,23.74563242839983,0.0,0.8515897973225011,0.9615384615384616,0.038461538461538464,7.36638372477044,32.0
pp_quantile_fixed,HOUSEHOLD_1_504_WI_3,861.409526713799,857.3233319122601,4.086194801538943,0.0,0.8832515770988874,0.9871794871794872,0.01282051282051282,10.991324768105898,7.0
pp_quantile_fixed,HOUSEHOLD_1_507_WI_3,1547.0,1547.0,0.0,0.0,1.0,1.0,0.0,19.833333333333332,11.0
pp_quantile_fixed,HOUSEHOLD_1_510_CA_4,882.7334192420594,792.4984056193958,90.23501362266362,0.0,0.8508512171526221,0.9230769230769231,0.07692307692307693,10.160235969479434,121.0
pp_quantile_fixed,HOUSEHOLD_1_510_TX_1,945.3449467859515,928.8000446551483,16.54490213080317,0.0,0.9575771740235817,0.9871794871794872,0.01282051282051282,11.90769288019421,78.0
pp_quantile_fixed,HOUSEHOLD_1_520_CA_1,760.244800942408,743.630868520673,16.613932421735065,0.0,0.940664527065232,0.9743589743589743,0.02564102564102564,9.533729083598372,56.0
pp_quantile_fixed,HOUSEHOLD_1_521_CA_2,2598.3774169605367,2024.7212872185703,573.6561297419664,0.0,0.724203783777901,0.7948717948717948,0.20512820512820512,25.9579652207509,416.0
pp_quantile_fixed,HOUSEHOLD_1_521_TX_3,17454.98170486287,17444.315381380136,10.666323482731173,0.0,0.997496168196542,0.9871794871794872,0.01282051282051282,223.64506899205304,852.0
pp_quantile_fixed,HOUSEHOLD_1_527_WI_2,908.2581496687885,786.1572534363029,122.10089623248564,0.0,0.6184346992734824,0.8205128205128205,0.1794871794871795,10.078939146619268,64.0
pp_quantile_fixed,HOUSEHOLD_1_529_CA_2,768.9895091316961,629.4362859091434,139.55322322255265,0.0,0.7062037405840997,0.8205128205128205,0.1794871794871795,8.069695973194147,95.0
pp_quantile_fixed,HOUSEHOLD_1_531_TX_1,514.2030033175371,502.751058391177,11.451944926360031,0.0,0.9591001966915714,0.9615384615384616,0.038461538461538464,6.445526389630475,56.0
pp_quantile_fixed,HOUSEHOLD_1_533_WI_1,538.8625635578798,534.7626508457837,4.099912712096003,0.0,0.978974806604636,0.9871794871794872,0.01282051282051282,6.855931421099791,39.0
pp_quantile_fixed,HOUSEHOLD_1_534_CA_2,1096.4827946091946,1070.4349206004274,26.04787400876706,0.0,0.9210670484582817,0.9615384615384616,0.038461538461538464,13.723524623082403,66.0
pp_quantile_fixed,HOUSEHOLD_1_534_CA_4,546.0366320232524,529.7627958834422,16.27383613981018,0.0,0.9276718393786214,0.9487179487179487,0.05128205128205128,6.791830716454387,45.0
pp_quantile_fixed,HOUSEHOLD_1_534_TX_1,731.0784334655317,718.1848865246797,12.893546940851994,0.0,0.9303051516710704,0.9615384615384616,0.038461538461538464,9.207498545188201,37.0
pp_quantile_fixed,HOUSEHOLD_1_537_CA_3,1590.1478595331866,1585.4406447115455,4.707214821641159,0.0,0.9949655456453035,0.9871794871794872,0.01282051282051282,20.32616211168648,187.0
pp_quantile_fixed,HOUSEHOLD_1_537_TX_1,1052.4799031269986,995.6460709937346,56.83383213326401,0.0,0.8937685380686654,0.9230769230769231,0.07692307692307693,12.764693217868393,107.0
pp_quantile_fixed,HOUSEHOLD_1_541_CA_2,1628.0952693832915,1578.346365154639,49.748904228652506,0.0,0.9481782247618203,0.9487179487179487,0.05128205128205128,20.23520980967486,192.0
pp_quantile_fixed,HOUSEHOLD_2_001_WI_2,218.29654582483607,218.29654582483607,0.0,0.0,1.0,1.0,0.0,2.798673664420975,9.0
pp_quantile_fixed,HOUSEHOLD_2_004_CA_4,326.9369394854932,326.9369394854932,0.0,0.0,1.0,1.0,0.0,4.19149922417299,6.0
pp_quantile_fixed,HOUSEHOLD_2_008_WI_2,517.4843905024619,517.4843905024619,0.0,0.0,1.0,1.0,0.0,6.634415262852076,0.0
pp_quantile_fixed,HOUSEHOLD_2_009_CA_1,328.60585114576315,306.7098230879013,21.8960280578618,0.0,0.8877126766263498,0.9102564102564102,0.08974358974358974,3.932177219075658,39.0
pp_quantile_fixed,HOUSEHOLD_2_010_CA_3,382.3859212800916,376.24173622567224,6.144185054419409,0.0,0.9441437722325507,0.9615384615384616,0.038461538461538464,4.823612002893234,22.0
pp_quantile_fixed,HOUSEHOLD_2_013_WI_3,147.29086394683242,144.3951332643848,2.895730682447608,0.0,0.9420853863510479,0.9871794871794872,0.01282051282051282,1.8512196572357027,10.0
pp_quantile_fixed,HOUSEHOLD_2_015_CA_1,567.8023102814368,562.2865052873599,5.515804994076952,0.0,0.9779367800236922,0.9743589743589743,0.02564102564102564,7.208801349837947,50.0
pp_quantile_fixed,HOUSEHOLD_2_017_CA_1,417.0055962427135,409.8709353037663,7.134660938947217,0.0,0.950795441800364,0.9871794871794872,0.01282051282051282,5.254755580817517,29.0
pp_quantile_fixed,HOUSEHOLD_2_021_CA_2,810.7577148959932,810.7577148959932,0.0,0.0,1.0,1.0,0.0,10.39432967815376,31.0
pp_quantile_fixed,HOUSEHOLD_2_029_WI_2,568.2781795324577,525.4435937382376,42.83458579422006,0.0,0.8177251668331061,0.9102564102564102,0.08974358974358974,6.736456329977405,47.0
pp_quantile_fixed,HOUSEHOLD_2_032_WI_2,326.37275863837993,326.37275863837993,0.0,0.0,1.0,1.0,0.0,4.184266136389486,7.0
pp_quantile_fixed,HOUSEHOLD_2_034_CA_2,202.60954528274883,190.36799629026467,12.241548992484166,0.0,0.8639827889723981,0.9615384615384616,0.038461538461538464,2.4406153370546755,18.0
pp_quantile_fixed,HOUSEHOLD_2_034_CA_3,380.7343698772856,380.7343698772856,0.0,0.0,1.0,1.0,0.0,4.8812098702216105,14.0
pp_quantile_fixed,HOUSEHOLD_2_038_TX_1,261.52610764233106,252.45682538202556,9.069282260305513,0.0,0.8351039589035362,0.9871794871794872,0.01282051282051282,3.236625966436225,11.0
pp_quantile_fixed,HOUSEHOLD_2_042_WI_2,450.5636066977096,450.5636066977096,0.0,0.0,1.0,1.0,0.0,5.7764564961244815,2.0
pp_quantile_fixed,HOUSEHOLD_2_043_TX_2,181.28781619984068,170.53648928779174,10.751326912048933,0.0,0.8735138010347184,0.9743589743589743,0.02564102564102564,2.1863652472793813,17.0
pp_quantile_fixed,HOUSEHOLD_2_045_CA_4,326.87374394938075,305.2638946805932,21.60984926878756,0.0,0.7725279024338152,0.9487179487179487,0.05128205128205128,3.9136396753922202,19.0
pp_quantile_fixed,HOUSEHOLD_2_047_TX_2,854.2628734601766,832.6063625048549,21.656510955321703,0.0,0.8917174452233916,0.9358974358974359,0.0641025641025641,10.674440544934038,40.0
pp_quantile_fixed,HOUSEHOLD_2_057_WI_3,244.66571754746408,241.44706759470068,3.2186499527634016,0.0,0.94635583412061,0.9871794871794872,0.01282051282051282,3.0954752255730855,12.0
pp_quantile_fixed,HOUSEHOLD_2_058_TX_2,572.0476513278177,534.4718849212207,37.57576640659692,0.0,0.8292010617881957,0.9102564102564102,0.08974358974358974,6.852203652836163,44.0
pp_quantile_fixed,HOUSEHOLD_2_063_TX_2,269.374849997534,269.13060207701295,0.24424792052106348,0.0,0.9959292013246489,0.9743589743589743,0.02564102564102564,3.450392334320679,12.0
pp_quantile_fixed,HOUSEHOLD_2_067_CA_2,1072.6412429636932,1007.2687419602443,65.37250100344907,0.0,0.8789398129565759,0.8974358974358975,0.10256410256410256,12.913701820003132,108.0
pp_quantile_fixed,HOUSEHOLD_2_073_WI_3,195.99445177761893,195.99445177761893,0.0,0.0,1.0,1.0,0.0,2.5127493817643454,3.0
pp_quantile_fixed,HOUSEHOLD_2_075_CA_4,629.4077050470544,609.4168238066278,19.99088124042658,0.0,0.8947848355767022,0.9487179487179487,0.05128205128205128,7.813036202649075,38.0
pp_quantile_fixed,HOUSEHOLD_2_075_WI_3,631.1768462618566,605.8526247938546,25.324221468001966,0.0,0.8631123163891785,0.9358974358974359,0.0641025641025641,7.767341343510957,37.0
pp_quantile_fixed,HOUSEHOLD_2_077_CA_3,296.2787938301759,291.5529228841905,4.725870945985418,0.0,0.8949806456447686,0.9871794871794872,0.01282051282051282,3.73785798569475,9.0
pp_quantile_fixed,HOUSEHOLD_2_079_TX_1,276.4796860393896,270.0237923490215,6.455893690368086,0.0,0.907772947280456,0.9871794871794872,0.01282051282051282,3.461843491654122,14.0
pp_quantile_fixed,HOUSEHOLD_2_087_CA_3,365.97328193707887,365.97328193707887,0.0,0.0,1.0,1.0,0.0,4.691965153039472,7.0
pp_quantile_fixed,HOUSEHOLD_2_089_TX_2,582.1374120614884,556.7432331630814,25.394178898406956,0.0,0.9108976179003263,0.9743589743589743,0.02564102564102564,7.137733758501044,57.0
pp_quantile_fixed,HOUSEHOLD_2_095_CA_2,639.3518068757032,610.7725840256923,28.57922285001102,0.0,0.8571038857499449,0.9743589743589743,0.02564102564102564,7.830417743919131,40.0
pp_quantile_fixed,HOUSEHOLD_2_095_TX_3,454.72180457200244,451.7218045720026,2.9999999999998295,0.0,0.9760000000000013,0.9871794871794872,0.01282051282051282,5.791305186820546,25.0
pp_quantile_fixed,HOUSEHOLD_2_110_CA_1,1061.7117219792074,973.7762540890925,87.93546789011494,0.0,0.894688062407048,0.9102564102564102,0.08974358974358974,12.484310949860161,167.0
pp_quantile_fixed,HOUSEHOLD_2_120_TX_2,504.45091183411614,479.48792239587164,24.962989438244485,0.0,0.8573543460671743,0.9615384615384616,0.038461538461538464,6.147281056357329,35.0
pp_quantile_fixed,HOUSEHOLD_2_123_TX_1,542.0077221727518,502.4987567480668,39.50896542468495,0.0,0.8118620694062622,0.9102564102564102,0.08974358974358974,6.442291753180344,42.0
pp_quantile_fixed,HOUSEHOLD_2_129_CA_2,397.1754863878805,397.1754863878805,0.0,0.0,1.0,1.0,0.0,5.091993415229237,14.0
pp_quantile_fixed,HOUSEHOLD_2_138_CA_3,310.49342396565453,310.49342396565453,0.0,0.0,1.0,1.0,0.0,3.9806849226365966,4.0
pp_quantile_fixed,HOUSEHOLD_2_139_TX_2,452.1030594293279,388.7955621019386,63.30749732738937,0.0,0.7306063943515346,0.8846153846153846,0.11538461538461539,4.984558488486392,47.0
pp_quantile_fixed,HOUSEHOLD_2_143_CA_1,453.19084058719505,442.72921014927687,10.461630437918195,0.0,0.9048942687461982,0.9743589743589743,0.02564102564102564,5.676015514734319,22.0
pp_quantile_fixed,HOUSEHOLD_2_146_WI_1,731.5601752216551,667.1863650997171,64.37381012193798,0.0,0.7138941772358313,0.8717948717948718,0.1282051282051282,8.553671347432271,45.0
pp_quantile_fixed,HOUSEHOLD_2_147_CA_3,260.76283867135635,260.76283867135635,0.0,0.0,1.0,1.0,0.0,3.34311331629944,5.0
pp_quantile_fixed,HOUSEHOLD_2_149_TX_1,248.32012158793106,248.32012158793106,0.0,0.0,1.0,1.0,0.0,3.1835913024093725,6.0
pp_quantile_fixed,HOUSEHOLD_2_150_CA_2,385.11271425463116,375.5491872062018,9.563527048429368,0.0,0.942039230009519,0.9743589743589743,0.02564102564102564,4.814733169310279,33.0
pp_quantile_fixed,HOUSEHOLD_2_158_TX_3,330.1908750012888,330.1908750012888,0.0,0.0,1.0,1.0,0.0,4.233216346170369,0.0
pp_quantile_fixed,HOUSEHOLD_2_159_CA_2,826.5238264983559,826.5238264983559,0.0,0.0,1.0,1.0,0.0,10.596459314081486,46.0
pp_quantile_fixed,HOUSEHOLD_2_160_WI_1,419.28380548458153,419.28380548458153,0.0,0.0,1.0,1.0,0.0,5.375433403648481,41.0
pp_quantile_fixed,HOUSEHOLD_2_164_CA_1,881.0,881.0,0.0,0.0,1.0,1.0,0.0,11.294871794871796,12.0
pp_quantile_fixed,HOUSEHOLD_2_176_TX_2,2855.298136126042,2536.9158688857547,318.3822672402874,0.0,0.732451876268666,0.7948717948717948,0.20512820512820512,32.52456242161224,238.0
pp_quantile_fixed,HOUSEHOLD_2_179_CA_1,347.0592209177918,337.9151459777835,9.144074940008323,0.0,0.9346851789999405,0.9743589743589743,0.02564102564102564,4.332245461253635,28.0
pp_quantile_fixed,HOUSEHOLD_2_184_WI_3,506.9438671363988,475.4889271943406,31.45493994205823,0.0,0.8632393915562686,0.9230769230769231,0.07692307692307693,6.096011887106931,46.0
pp_quantile_fixed,HOUSEHOLD_2_190_WI_1,805.2318591439762,801.8766847084185,3.3551744355577284,0.0,0.9847492071111013,0.9871794871794872,0.01282051282051282,10.280470316774595,44.0
pp_quantile_fixed,HOUSEHOLD_2_193_TX_1,895.5926916044567,886.9853832089098,8.607308395546971,0.0,0.9217517418586638,0.9743589743589743,0.02564102564102564,11.371607477037305,22.0
pp_quantile_fixed,HOUSEHOLD_2_203_CA_1,815.612392514547,659.9737425648884,155.63864994965857,0.0,0.5735927398639491,0.8333333333333334,0.16666666666666666,8.46120182775498,73.0
pp_quantile_fixed,HOUSEHOLD_2_207_WI_3,229.07373707319817,229.07373707319817,0.0,0.0,1.0,1.0,0.0,2.93684278298972,3.0
pp_quantile_fixed,HOUSEHOLD_2_208_CA_3,343.0603020862379,343.0603020862379,0.0,0.0,1.0,1.0,0.0,4.398209001105615,9.0
pp_quantile_fixed,HOUSEHOLD_2_217_TX_1,703.0325165454165,616.8267208287839,86.20579571663254,0.0,0.8125960962681901,0.8461538461538461,0.15384615384615385,7.908034882420306,92.0
pp_quantile_fixed,HOUSEHOLD_2_218_CA_1,360.0,360.0,0.0,0.0,1.0,1.0,0.0,4.615384615384615,6.0
pp_quantile_fixed,HOUSEHOLD_2_224_TX_1,231.86465010751576,231.86465010751576,0.0,0.0,1.0,1.0,0.0,2.972623719327125,6.0
pp_quantile_fixed,HOUSEHOLD_2_226_TX_3,475.7665948334668,475.7665948334668,0.0,0.0,1.0,1.0,0.0,6.0995717286341895,28.0
pp_quantile_fixed,HOUSEHOLD_2_226_WI_1,449.2753276406291,389.89170470349933,59.38362293712976,0.0,0.6954686003224115,0.8589743589743589,0.14102564102564102,4.998611598762812,39.0
pp_quantile_fixed,HOUSEHOLD_2_234_WI_3,323.61979040755523,321.89091797276575,1.7288724347894924,0.0,0.9615806125602335,0.9871794871794872,0.01282051282051282,4.126806640676484,9.0
pp_quantile_fixed,HOUSEHOLD_2_237_CA_2,313.4321772507976,313.4321772507976,0.0,0.0,1.0,1.0,0.0,4.018361246805098,12.0
pp_quantile_fixed,HOUSEHOLD_2_238_CA_1,479.386494240048,465.640232777368,13.746261462680023,0.0,0.9083582569154665,0.9743589743589743,0.02564102564102564,5.969746574068821,30.0
pp_quantile_fixed,HOUSEHOLD_2_241_CA_2,329.67942636251206,329.0342088657178,0.6452174967942437,0.0,0.9928309167022861,0.9871794871794872,0.01282051282051282,4.218387293150228,18.0
pp_quantile_fixed,HOUSEHOLD_2_249_WI_1,824.0,824.0,0.0,0.0,1.0,1.0,0.0,10.564102564102564,7.0
pp_quantile_fixed,HOUSEHOLD_2_257_TX_1,397.32639777756435,378.1217730360573,19.204624741507097,0.0,0.8961912176134751,0.9615384615384616,0.038461538461538464,4.847715038923811,37.0
pp_quantile_fixed,HOUSEHOLD_2_259_CA_2,599.9952024525824,596.4400570792368,3.5551453733455496,0.0,0.9873030522380516,0.9871794871794872,0.01282051282051282,7.646667398451754,56.0
pp_quantile_fixed,HOUSEHOLD_2_259_TX_3,257.44487583542355,257.44487583542355,0.0,0.0,1.0,1.0,0.0,3.3005753312233788,12.0
pp_quantile_fixed,HOUSEHOLD_2_260_WI_1,307.7287524133373,299.36165878491516,8.367093628422149,0.0,0.8954113296447231,0.9743589743589743,0.02564102564102564,3.8379699844219894,16.0
pp_quantile_fixed,HOUSEHOLD_2_263_TX_2,408.9992506006526,383.5799615610643,25.4192890395883,0.0,0.7689155541855609,0.9487179487179487,0.05128205128205128,4.91769181488544,22.0
pp_quantile_fixed,HOUSEHOLD_2_263_TX_3,694.6363617959298,694.6363617959298,0.0,0.0,1.0,1.0,0.0,8.9055943819991,6.0
pp_quantile_fixed,HOUSEHOLD_2_264_WI_3,374.5462609821076,360.66954915484035,13.876711827267254,0.0,0.9183722833690161,0.9615384615384616,0.038461538461538464,4.62396857890821,34.0
pp_quantile_fixed,HOUSEHOLD_2_265_WI_1,363.1081654327179,338.7078133887856,24.400352043932312,0.0,0.8123049842774438,0.9615384615384616,0.038461538461538464,4.3424078639587895,26.0
pp_quantile_fixed,HOUSEHOLD_2_275_CA_2,652.7485337902817,648.3143402511347,4.434193539147078,0.0,0.9815241935868873,0.9743589743589743,0.02564102564102564,8.311722310911984,48.0
pp_quantile_fixed,HOUSEHOLD_2_280_TX_2,415.2081999586533,399.98056222786914,15.227637730784185,0.0,0.8984824151281056,0.9615384615384616,0.038461538461538464,5.1279559259983225,30.0
pp_quantile_fixed,HOUSEHOLD_2_280_WI_3,265.3365557016815,265.3365557016815,0.0,0.0,1.0,1.0,0.0,3.401750714124122,16.0
pp_quantile_fixed,HOUSEHOLD_2_288_TX_3,410.4225202716459,410.4225202716459,0.0,0.0,1.0,1.0,0.0,5.261827182969819,13.0
pp_quantile_fixed,HOUSEHOLD_2_294_CA_1,1995.8405675089516,1962.607998359877,33.23256914907457,0.0,0.9406561265195096,0.9615384615384616,0.038461538461538464,25.16164100461381,112.0
pp_quantile_fixed,HOUSEHOLD_2_294_WI_3,1091.7332536946528,1063.327442933531,28.405810761121764,0.0,0.9473966467386634,0.9615384615384616,0.038461538461538464,13.63240311453245,108.0
pp_quantile_fixed,HOUSEHOLD_2_307_TX_1,250.33898405044275,250.33898405044275,0.0,0.0,1.0,1.0,0.0,3.2094741544928556,3.0
pp_quantile_fixed,HOUSEHOLD_2_308_WI_3,300.5823229017698,267.3062088376469,33.2761140641229,0.0,0.608516305127966,0.9358974358974359,0.0641025641025641,3.4270026774057296,17.0
pp_quantile_fixed,HOUSEHOLD_2_311_TX_2,565.6740319407289,526.9225938968561,38.75143804387277,0.0,0.8012746766980884,0.9230769230769231,0.07692307692307693,6.755417870472515,39.0
pp_quantile_fixed,HOUSEHOLD_2_314_TX_1,575.0230009721896,575.0230009721896,0.0,0.0,1.0,1.0,0.0,7.372089756053713,20.0
pp_quantile_fixed,HOUSEHOLD_2_316_CA_4,247.33423023947742,239.587104244984,7.7471259944934046,0.0,0.9139208222834065,0.9615384615384616,0.038461538461538464,3.071629541602359,18.0
pp_quantile_fixed,HOUSEHOLD_2_326_TX_2,240.82140690605166,232.55713848893944,8.264268417112216,0.0,0.8898097544385039,0.9743589743589743,0.02564102564102564,2.9815017754992237,15.0
pp_quantile_fixed,HOUSEHOLD_2_330_CA_2,406.29387249055014,397.00795612373787,9.285916366812277,0.0,0.8839260454148465,0.9871794871794872,0.01282051282051282,5.089845591329973,16.0
pp_quantile_fixed,HOUSEHOLD_2_333_WI_2,619.1485159061386,619.1485159061386,0.0,0.0,1.0,1.0,0.0,7.937801485976136,17.0
pp_quantile_fixed,HOUSEHOLD_2_337_CA_2,212.61989153741985,207.6578722018664,4.962019335553438,0.0,0.9618306204957427,0.9743589743589743,0.02564102564102564,2.6622804128444413,26.0
pp_quantile_fixed,HOUSEHOLD_2_338_WI_3,548.4883988000772,543.7346757637171,4.753723036360107,0.0,0.9135686720661799,0.9871794871794872,0.01282051282051282,6.970957381586116,11.0
pp_quantile_fixed,HOUSEHOLD_2_342_CA_1,549.062536611866,516.1250121701041,32.93752444176191,0.0,0.8567933719923395,0.9230769230769231,0.07692307692307693,6.616987335514155,46.0
pp_quantile_fixed,HOUSEHOLD_2_345_CA_1,464.84713162775654,459.41193022698917,5.435201400767351,0.0,0.9728239929961632,0.9871794871794872,0.01282051282051282,5.889896541371656,40.0
pp_quantile_fixed,HOUSEHOLD_2_346_TX_3,697.782575160724,690.9943477114682,6.788227449255881,0.0,0.9842134245366142,0.9743589743589743,0.02564102564102564,8.858901893736771,86.0
pp_quantile_fixed,HOUSEHOLD_2_348_TX_1,755.5193709890209,702.8237017139219,52.695669275099064,0.0,0.8450127374261792,0.9102564102564102,0.08974358974358974,9.010560278383613,68.0
pp_quantile_fixed,HOUSEHOLD_2_354_TX_1,470.80867534610303,470.80867534610303,0.0,0.0,1.0,1.0,0.0,6.0360086582833725,22.0
pp_quantile_fixed,HOUSEHOLD_2_354_TX_2,1371.6599480855195,1321.6680453066597,49.99190277885994,0.0,0.8000323888845603,0.9487179487179487,0.05128205128205128,16.94446211931615,50.0
pp_quantile_fixed,HOUSEHOLD_2_355_CA_3,557.5134429197898,557.5134429197898,0.0,0.0,1.0,1.0,0.0,7.147608242561407,29.0
pp_quantile_fixed,HOUSEHOLD_2_355_TX_2,354.0957529733631,354.0957529733631,0.0,0.0,1.0,1.0,0.0,4.539689140684143,21.0
pp_quantile_fixed,HOUSEHOLD_2_358_CA_4,254.0586516175566,254.0586516175566,0.0,0.0,1.0,1.0,0.0,3.2571622002250846,1.0
pp_quantile_fixed,HOUSEHOLD_2_358_WI_2,241.73639425203913,236.01739496166024,5.718999290378899,0.0,0.9285125088702637,0.9743589743589743,0.02564102564102564,3.025864037970003,16.0
pp_quantile_fixed,HOUSEHOLD_2_370_TX_2,308.6456555356519,292.81529613317684,15.83035940247505,0.0,0.862344700848043,0.9487179487179487,0.05128205128205128,3.754042258117652,23.0
pp_quantile_fixed,HOUSEHOLD_2_373_WI_3,265.0483700164727,265.0483700164727,0.0,0.0,1.0,1.0,0.0,3.398056025852214,10.0
pp_quantile_fixed,HOUSEHOLD_2_382_TX_3,730.0261360897058,680.4373279397632,49.58880814994255,0.0,0.7693543806979416,0.9102564102564102,0.08974358974358974,8.723555486407221,43.0
pp_quantile_fixed,HOUSEHOLD_2_385_WI_1,391.94923867203045,391.94923867203045,0.0,0.0,1.0,1.0,0.0,5.024990239385006,15.0
pp_quantile_fixed,HOUSEHOLD_2_392_CA_4,199.939284150755,194.530281042054,5.409003108700976,0.0,0.8918199378259806,0.9743589743589743,0.02564102564102564,2.4939779620776155,10.0
pp_quantile_fixed,HOUSEHOLD_2_396_TX_3,216.4998426299857,174.07240503522343,42.42743759476227,0.0,0.5959291657641689,0.8846153846153846,0.11538461538461539,2.2316975004515824,21.0
pp_quantile_fixed,HOUSEHOLD_2_396_WI_2,175.946727411368,170.11643253562656,5.830294875741437,0.0,0.8056568374752855,0.9743589743589743,0.02564102564102564,2.180979904302905,6.0
pp_quantile_fixed,HOUSEHOLD_2_397_WI_2,305.5195005132435,305.5195005132435,0.0,0.0,1.0,1.0,0.0,3.9169166732467113,4.0
pp_quantile_fixed,HOUSEHOLD_2_401_TX_3,697.083666694223,630.2901636936614,66.79350300056163,0.0,0.8350777703689838,0.9102564102564102,0.08974358974358974,8.08064312427771,81.0
pp_quantile_fixed,HOUSEHOLD_2_405_CA_4,384.0704137307066,374.0704137307066,10.0,0.0,0.8,0.9743589743589743,0.02564102564102564,4.795774535009059,10.0
pp_quantile_fixed,HOUSEHOLD_2_412_CA_1,302.04367669997515,302.04367669997515,0.0,0.0,1.0,1.0,0.0,3.872354829486861,6.0
pp_quantile_fixed,HOUSEHOLD_2_417_TX_1,230.66327205008753,230.25729778226113,0.4059742678264078,0.0,0.9837610292869436,0.9871794871794872,0.01282051282051282,2.952016638234117,5.0
pp_quantile_fixed,HOUSEHOLD_2_418_CA_2,579.705397002091,579.705397002091,0.0,0.0,1.0,1.0,0.0,7.432120474385782,21.0
pp_quantile_fixed,HOUSEHOLD_2_420_CA_3,887.7960249291809,817.7960249291809,70.0,0.0,0.6111111111111112,0.9102564102564102,0.08974358974358974,10.484564422168987,36.0
pp_quantile_fixed,HOUSEHOLD_2_424_CA_1,398.45719636936724,384.2723872569456,14.184809112421641,0.0,0.8710471898870761,0.9615384615384616,0.038461538461538464,4.926569067396739,22.0
pp_quantile_fixed,HOUSEHOLD_2_424_CA_4,368.5858108664189,360.38861639537754,8.197194471041378,0.0,0.8360561105791724,0.9743589743589743,0.02564102564102564,4.620366876863814,10.0
pp_quantile_fixed,HOUSEHOLD_2_428_CA_4,246.5774379391508,246.5774379391508,0.0,0.0,1.0,1.0,0.0,3.161249204348087,0.0
pp_quantile_fixed,HOUSEHOLD_2_429_WI_3,208.25498887458147,200.3508771430725,7.904111731508969,0.0,0.8419177653698207,0.9743589743589743,0.02564102564102564,2.56860098901375,10.0
pp_quantile_fixed,HOUSEHOLD_2_432_TX_3,432.68604611717006,432.68604611717006,0.0,0.0,1.0,1.0,0.0,5.547257001502181,27.0
pp_quantile_fixed,HOUSEHOLD_2_436_CA_2,655.9924077588454,655.9924077588454,0.0,0.0,1.0,1.0,0.0,8.410159073831352,38.0
pp_quantile_fixed,HOUSEHOLD_2_440_TX_2,1662.754878993779,1589.4292892671865,73.32558972659245,0.0,0.901576389628735,0.9358974358974359,0.0641025641025641,20.377298580348544,149.0
pp_quantile_fixed,HOUSEHOLD_2_445_WI_2,265.53407248823424,265.53407248823424,0.0,0.0,1.0,1.0,0.0,3.4042829806183876,2.0
pp_quantile_fixed,HOUSEHOLD_2_446_CA_3,381.58806546655745,375.05527868004543,6.532786786512039,0.0,0.8994955878998148,0.9743589743589743,0.02564102564102564,4.808401008718532,13.0
pp_quantile_fixed,HOUSEHOLD_2_451_TX_1,731.7965047270154,653.8581944292551,77.93831029776027,0.0,0.8486634751499802,0.8717948717948718,0.1282051282051282,8.38279736447763,103.0
pp_quantile_fixed,HOUSEHOLD_2_451_WI_2,842.2166265100958,780.2632483336106,61.9533781764852,0.0,0.8575784409735973,0.8974358974358975,0.10256410256410256,10.003374978636034,87.0
pp_quantile_fixed,HOUSEHOLD_2_459_WI_3,228.0807717068363,228.0807717068363,0.0,0.0,1.0,1.0,0.0,2.924112457779952,8.0
pp_quantile_fixed,HOUSEHOLD_2_462_CA_4,312.08936687384136,312.08936687384136,0.0,0.0,1.0,1.0,0.0,4.001145729151812,11.0
pp_quantile_fixed,HOUSEHOLD_2_462_TX_2,216.83177851426584,206.70545285882008,10.126325655445761,0.0,0.8442103745316036,0.9615384615384616,0.038461538461538464,2.650069908446411,13.0
pp_quantile_fixed,HOUSEHOLD_2_465_CA_1,748.0779895910405,725.2003003512732,22.877689239767243,0.0,0.9480052517278016,0.9487179487179487,0.05128205128205128,9.297439748093247,88.0
pp_quantile_fixed,HOUSEHOLD_2_468_TX_2,480.3305519487706,438.00631495692915,42.32423699184149,0.0,0.7984560143245643,0.9102564102564102,0.08974358974358974,5.6154655763708865,42.0
pp_quantile_fixed,HOUSEHOLD_2_470_WI_2,590.6778942726075,580.6578284005393,10.020065872068287,0.0,0.9544542460360532,0.9615384615384616,0.038461538461538464,7.444331133340247,44.0
pp_quantile_fixed,HOUSEHOLD_2_475_CA_3,570.5297663355268,570.5297663355268,0.0,0.0,1.0,1.0,0.0,7.314484183788805,20.0
pp_quantile_fixed,HOUSEHOLD_2_476_WI_2,370.9206578550518,349.6670080309301,21.25364982412169,0.0,0.7762773702724033,0.9487179487179487,0.05128205128205128,4.482910359370899,19.0
pp_quantile_fixed,HOUSEHOLD_2_478_TX_2,205.77339407728562,198.78597870792967,6.987415369355956,0.0,0.8925013020099084,0.9743589743589743,0.02564102564102564,2.548538188563201,13.0
pp_quantile_fixed,HOUSEHOLD_2_480_TX_1,416.80410357869005,416.1027614763346,0.7013421023554356,0.0,0.9906487719685941,0.9871794871794872,0.01282051282051282,5.334650788158136,15.0
pp_quantile_fixed,HOUSEHOLD_2_483_TX_1,880.3891582074623,827.20492350817,53.184234699292276,0.0,0.8914607455116483,0.9358974358974359,0.0641025641025641,10.605191327027821,98.0
pp_quantile_fixed,HOUSEHOLD_2_488_WI_3,217.55749129334714,211.4144092168887,6.143082076458435,0.0,0.9122416846220223,0.9743589743589743,0.02564102564102564,2.7104411438062654,14.0
pp_quantile_fixed,HOUSEHOLD_2_490_WI_1,784.5945228113443,672.4346480560442,112.15987475530002,0.0,0.8233702759759055,0.8846153846153846,0.11538461538461539,8.620957026359541,127.0
pp_quantile_fixed,HOUSEHOLD_2_491_TX_3,549.6817623900565,528.0133963371887,21.66836605286779,0.0,0.8888801740878577,0.9487179487179487,0.05128205128205128,6.769402517143446,39.0
pp_quantile_fixed,HOUSEHOLD_2_505_CA_4,266.5924521903314,266.5924521903314,0.0,0.0,1.0,1.0,0.0,3.417851951158095,9.0
pp_quantile_fixed,HOUSEHOLD_2_507_CA_1,881.8788439820506,853.91192081131,27.966923170740667,0.0,0.9165166472515204,0.9230769230769231,0.07692307692307693,10.947588728350128,67.0
pp_quantile_fixed,HOUSEHOLD_2_509_TX_1,342.93372229545315,341.97444426895214,0.9592780265009981,0.0,0.9946706776305501,0.9871794871794872,0.01282051282051282,4.384287747037848,36.0
pp_quantile_fixed,HOUSEHOLD_2_509_WI_1,257.8882372686787,251.45901905957516,6.429218209103569,0.0,0.8392695447724108,0.9871794871794872,0.01282051282051282,3.223833577686861,8.0
pp_quantile_fixed,HOUSEHOLD_2_509_WI_2,207.73214900676643,200.34350574017793,7.388643266588502,0.0,0.8944479533344499,0.9743589743589743,0.02564102564102564,2.568506483848435,14.0
pp_quantile_fixed,HOUSEHOLD_2_510_CA_2,663.5172470721741,652.554106606508,10.963140465666115,0.0,0.961532840471347,0.9743589743589743,0.02564102564102564,8.366078289827025,57.0
pp_quantile_calibrated,FOODS_1_008_CA_1,644.587349950451,644.587349950451,0.0,0.0,1.0,1.0,0.0,8.26394038398014,25.0
pp_quantile_calibrated,FOODS_1_010_CA_3,534.9027678904539,496.7747867731962,38.127981117257704,0.0,0.826690994921556,0.9102564102564102,0.08974358974358974,6.368907522733284,44.0
pp_quantile_calibrated,FOODS_1_010_WI_3,1108.953051683552,1035.2119151728377,73.74113651071427,0.0,0.7318504126883117,0.9230769230769231,0.07692307692307693,13.271947630420996,55.0
pp_quantile_calibrated,FOODS_1_013_WI_1,1253.3058124658717,1225.245914036046,28.059898429825623,0.0,0.955104162512279,0.9487179487179487,0.05128205128205128,15.708280949180079,125.0
pp_quantile_calibrated,FOODS_1_014_WI_3,1058.7747828259448,1027.396900452216,31.377882373728934,0.0,0.9278669370718875,0.9615384615384616,0.038461538461538464,13.171755134002769,87.0
pp_quantile_calibrated,FOODS_1_022_WI_3,781.238427760942,781.238427760942,0.0,0.0,1.0,1.0,0.0,10.015877278986437,1.0
pp_quantile_calibrated,FOODS_1_024_TX_1,679.0927545244599,654.0510088677273,25.04174565673262,0.0,0.9055028465783675,0.9102564102564102,0.08974358974358974,8.385269344458042,53.0
pp_quantile_calibrated,FOODS_1_025_TX_1,613.8000897105085,609.6656256271672,4.134464083341349,0.0,0.9812069814393575,0.9871794871794872,0.01282051282051282,7.816225969579066,44.0
pp_quantile_calibrated,FOODS_1_025_WI_1,1224.1613409418123,1186.654480420613,37.50686052119927,0.0,0.7726856938109135,0.9358974358974359,0.0641025641025641,15.213518979751449,33.0
pp_quantile_calibrated,FOODS_1_032_CA_2,2522.448727278211,2317.113144005207,205.33558327300432,0.0,0.8916434916765149,0.8974358974358975,0.10256410256410256,29.706578769297522,379.0
pp_quantile_calibrated,FOODS_1_040_TX_1,913.3077001937744,887.039969598372,26.267730595402394,0.0,0.8718647288029151,0.9358974358974359,0.0641025641025641,11.37230730254323,41.0
pp_quantile_calibrated,FOODS_1_043_CA_3,24664.152341964575,24664.152341964575,0.0,0.0,1.0,1.0,0.0,316.2070813072381,42.0
pp_quantile_calibrated,FOODS_1_045_CA_3,1936.0846723067814,1931.5220503815121,4.562621925269248,0.0,0.9931389143980914,0.9871794871794872,0.01282051282051282,24.763103210019388,133.0
pp_quantile_calibrated,FOODS_1_045_WI_2,1023.9435594139743,986.8606158889695,37.08294352500484,0.0,0.9313278823611021,0.9615384615384616,0.038461538461538464,12.65205917806371,108.0
pp_quantile_calibrated,FOODS_1_046_WI_3,2796.427782704004,2643.186082527075,153.24170017692916,0.0,0.886487629498571,0.8974358974358975,0.10256410256410256,33.887001058039424,270.0
pp_quantile_calibrated,FOODS_1_047_TX_2,1159.7000043292671,1152.8786986616703,6.821305667596889,0.0,0.9779957881690423,0.9743589743589743,0.02564102564102564,14.78049613668808,62.0
pp_quantile_calibrated,FOODS_1_054_CA_1,866.3842961112741,694.12831079596,172.25598531531404,0.0,0.7429015144547552,0.8333333333333334,0.16666666666666666,8.899080907640514,134.0
pp_quantile_calibrated,FOODS_1_054_TX_3,543.0943378988073,510.96714900356375,32.12718889524355,0.0,0.816416063455751,0.9358974358974359,0.0641025641025641,6.550860884661073,35.0
pp_quantile_calibrated,FOODS_1_055_WI_2,1762.4577688637896,1595.7534349845841,166.70433387920556,0.0,0.7548465678246977,0.8461538461538461,0.15384615384615385,20.458377371597233,136.0
pp_quantile_calibrated,FOODS_1_056_WI_1,1242.112540032877,1242.112540032877,0.0,0.0,1.0,1.0,0.0,15.924519744011244,1.0
pp_quantile_calibrated,FOODS_1_057_CA_2,2117.1418354388184,2117.1418354388184,0.0,0.0,1.0,1.0,0.0,27.142844044087415,3.0
pp_quantile_calibrated,FOODS_1_060_CA_4,582.5543951719807,582.5543951719807,0.0,0.0,1.0,1.0,0.0,7.46864609194847,39.0
pp_quantile_calibrated,FOODS_1_062_TX_2,584.8340814946396,554.1374666644087,30.69661483023082,0.0,0.8693761071054007,0.9487179487179487,0.05128205128205128,7.104326495697548,47.0
pp_quantile_calibrated,FOODS_1_064_WI_3,491.9692158363601,491.9692158363601,0.0,0.0,1.0,1.0,0.0,6.307297638927693,18.0
pp_quantile_calibrated,FOODS_1_066_WI_1,1171.7413591985094,1095.4141403371311,76.3272188613783,0.0,0.9091342632602639,0.8974358974358975,0.10256410256410256,14.043771029963219,168.0
pp_quantile_calibrated,FOODS_1_069_CA_3,2611.1460638553785,2272.3704709484527,338.77559290692574,0.0,0.7908792636377001,0.8461538461538461,0.15384615384615385,29.132954755749395,324.0
pp_quantile_calibrated,FOODS_1_078_TX_2,880.8851252784699,880.8851252784699,0.0,0.0,1.0,1.0,0.0,11.293399042031666,43.0
pp_quantile_calibrated,FOODS_1_081_WI_1,751.259224648948,706.1837781833817,45.07544646556633,0.0,0.8654464284609961,0.9487179487179487,0.05128205128205128,9.053638181838227,67.0
pp_quantile_calibrated,FOODS_1_083_WI_3,2419.425567218722,2402.3147920564925,17.110775162229537,0.0,0.9628026626908053,0.9487179487179487,0.05128205128205128,30.798907590467852,92.0
pp_quantile_calibrated,FOODS_1_085_CA_4,2728.0912620806503,2442.9295712615976,285.16169081905264,0.0,0.9175833263528751,0.8461538461538461,0.15384615384615385,31.3196098879692,692.0
pp_quantile_calibrated,FOODS_1_086_CA_2,1632.2853896749589,1536.4913719529952,95.79401772196356,0.0,0.9017497254133708,0.9230769230769231,0.07692307692307693,19.69860733273071,195.0
pp_quantile_calibrated,FOODS_1_086_WI_2,1375.7374005220909,1070.7650698372886,304.97233068480216,0.0,0.7589151536088521,0.7692307692307693,0.23076923076923078,13.727757305606264,253.0
pp_quantile_calibrated,FOODS_1_089_CA_1,919.0707116152437,917.9882257855235,1.08248582972017,0.0,0.9932344635642489,0.9871794871794872,0.01282051282051282,11.76907981776312,32.0
pp_quantile_calibrated,FOODS_1_091_TX_3,857.2021020495727,857.2021020495727,0.0,0.0,1.0,1.0,0.0,10.989770539097085,4.0
pp_quantile_calibrated,FOODS_1_094_WI_1,531.7988750211163,473.7053863184012,58.093488702715064,0.0,0.8239591251432877,0.8974358974358975,0.10256410256410256,6.073145978441041,66.0
pp_quantile_calibrated,FOODS_1_098_CA_2,745.8581930631127,745.8581930631127,0.0,0.0,1.0,1.0,0.0,9.562284526450163,13.0
pp_quantile_calibrated,FOODS_1_098_TX_1,455.6714360751748,394.1676108823383,61.50382519283654,0.0,0.7915124569734355,0.9102564102564102,0.08974358974358974,5.053430908747927,59.0
pp_quantile_calibrated,FOODS_1_099_CA_2,3932.976496155215,3288.3474332305896,644.6290629246254,0.0,0.8092813423299925,0.782051282051282,0.21794871794871795,42.1583004260332,676.0
pp_quantile_calibrated,FOODS_1_099_TX_1,3498.195565752436,2990.9849910372177,507.21057471521794,0.0,0.7451203142134583,0.7692307692307693,0.23076923076923078,38.34596142355407,398.0
pp_quantile_calibrated,FOODS_1_101_CA_1,3445.242052966841,3445.242052966841,0.0,0.0,1.0,1.0,0.0,44.169769909831295,0.0
pp_quantile_calibrated,FOODS_1_102_TX_2,669.4837864101785,618.6471541198141,50.83663229036443,0.0,0.8504804932636342,0.8846153846153846,0.11538461538461539,7.9313737707668475,68.0
pp_quantile_calibrated,FOODS_1_106_CA_1,950.1042623924995,874.3776940302737,75.72656836222592,0.0,0.8610521681427047,0.8846153846153846,0.11538461538461539,11.20997043628556,109.0
pp_quantile_calibrated,FOODS_1_107_TX_2,646.1448335852486,646.1448335852486,0.0,0.0,1.0,1.0,0.0,8.283908122887803,28.0
pp_quantile_calibrated,FOODS_1_111_WI_2,552.2671558380506,552.2671558380506,0.0,0.0,1.0,1.0,0.0,7.080348151769879,9.0
pp_quantile_calibrated,FOODS_1_119_WI_1,765.1409912102479,646.7650011328666,118.37599007738127,0.0,0.6300750310081835,0.8076923076923077,0.19230769230769232,8.291858988882906,64.0
pp_quantile_calibrated,FOODS_1_122_WI_3,1046.9108204722565,947.7304007684501,99.18041970380659,0.0,0.8036031292993929,0.8205128205128205,0.1794871794871795,12.150389753441667,101.0
pp_quantile_calibrated,FOODS_1_131_CA_1,677.1274267895519,654.6172555847899,22.510171204762102,0.0,0.922378719983579,0.9230769230769231,0.07692307692307693,8.392528917753717,58.0
pp_quantile_calibrated,FOODS_1_132_WI_3,474.71203609303313,435.1866804245238,39.52535566850937,0.0,0.8508477144584553,0.9230769230769231,0.07692307692307693,5.579316415699023,53.0
pp_quantile_calibrated,FOODS_1_134_CA_2,406.1249855783558,371.2101924973862,34.91479308096963,0.0,0.8925698674431704,0.9358974358974359,0.0641025641025641,4.7591050320177715,65.0
pp_quantile_calibrated,FOODS_1_139_TX_3,1179.4814575611945,848.1422231031944,331.33923445799996,0.0,0.6437212532709679,0.7307692307692307,0.2692307692307692,10.873618244912748,186.0
pp_quantile_calibrated,FOODS_1_143_CA_1,1886.5596708618507,1683.559670861851,202.99999999999983,0.0,0.6725806451612906,0.8461538461538461,0.15384615384615385,21.584098344382703,124.0
pp_quantile_calibrated,FOODS_1_143_WI_2,1319.7687884831407,1319.7687884831407,0.0,0.0,1.0,1.0,0.0,16.92011267286078,34.0
pp_quantile_calibrated,FOODS_1_147_TX_2,428.79226406908,413.93501776626584,14.857246302814131,0.0,0.915101449698205,0.9615384615384616,0.038461538461538464,5.306859202131613,35.0
pp_quantile_calibrated,FOODS_1_149_CA_3,1135.3656941140534,1109.2983196830994,26.06737443095401,0.0,0.960202481784803,0.9487179487179487,0.05128205128205128,14.221773329270505,131.0
pp_quantile_calibrated,FOODS_1_156_TX_3,574.8429419749078,540.3887297874634,34.4542121874445,0.0,0.8564407825523146,0.9358974358974359,0.0641025641025641,6.9280606383008125,48.0
pp_quantile_calibrated,FOODS_1_159_CA_4,957.5073497599474,957.5073497599474,0.0,0.0,1.0,1.0,0.0,12.275735253332659,14.0
pp_quantile_calibrated,FOODS_1_161_CA_4,5634.13864855924,5365.043633930536,269.0950146287041,0.0,0.8269485436471355,0.8333333333333334,0.16666666666666666,68.78261069141713,311.0
pp_quantile_calibrated,FOODS_1_161_WI_3,3106.2406293415725,2764.73861027412,341.50201906745235,0.0,0.8600401561198966,0.8461538461538461,0.15384615384615385,35.445366798386154,488.0
pp_quantile_calibrated,FOODS_1_168_WI_1,653.3941179552558,633.047618457738,20.346499497517748,0.0,0.8728343781405141,0.9487179487179487,0.05128205128205128,8.11599510843254,32.0
pp_quantile_calibrated,FOODS_1_174_TX_2,451.7680983974772,446.7680983974772,5.0,0.0,0.9696969696969697,0.9871794871794872,0.01282051282051282,5.72779613330099,33.0
pp_quantile_calibrated,FOODS_1_175_CA_3,1075.265998165451,1048.1922084763996,27.073789689051466,0.0,0.9355385959784489,0.9487179487179487,0.05128205128205128,13.438361647133329,84.0
pp_quantile_calibrated,FOODS_1_183_CA_2,1372.4929124837745,1330.3027865131444,42.190125970630135,0.0,0.9392947827760717,0.9358974358974359,0.0641025641025641,17.0551639296557,139.0
pp_quantile_calibrated,FOODS_1_183_CA_4,793.4459840247412,738.6270114008261,54.818972623915144,0.0,0.8795187414859008,0.9230769230769231,0.07692307692307693,9.46957706924136,91.0
pp_quantile_calibrated,FOODS_1_185_WI_1,1207.0491931262475,1036.4262236182078,170.62296950803963,0.0,0.7270032487871366,0.8333333333333334,0.16666666666666666,13.28751568741292,125.0
pp_quantile_calibrated,FOODS_1_191_TX_1,307.5572984208161,296.68903525654986,10.868263164266239,0.0,0.9456586841786688,0.9615384615384616,0.038461538461538464,3.8037055802121778,40.0
pp_quantile_calibrated,FOODS_1_192_CA_4,1748.4441920356728,1738.4441920356728,10.0,0.0,0.3333333333333333,0.9743589743589743,0.02564102564102564,22.287746051739393,3.0
pp_quantile_calibrated,FOODS_1_203_WI_1,897.7233038363782,894.159491797929,3.563812038449168,0.0,0.9868006961538919,0.9871794871794872,0.01282051282051282,11.463583228178578,54.0
pp_quantile_calibrated,FOODS_1_207_CA_4,576.4908731870777,447.84172623198623,128.64914695509142,0.0,0.745249213950314,0.8076923076923077,0.19230769230769232,5.741560592717772,101.0
pp_quantile_calibrated,FOODS_1_208_WI_3,902.0822402006894,826.628621689864,75.45361851082544,0.0,0.8181840517811435,0.9102564102564102,0.08974358974358974,10.597802842177742,83.0
pp_quantile_calibrated,FOODS_1_209_CA_4,1180.3437719768385,1180.3437719768385,0.0,0.0,1.0,1.0,0.0,15.13261246124152,1.0
pp_quantile_calibrated,FOODS_1_214_TX_3,893.3472189692538,893.3472189692538,0.0,0.0,1.0,1.0,0.0,11.453169473964794,19.0
pp_quantile_calibrated,FOODS_1_215_CA_1,1703.7000427600265,1614.1582396778108,89.5418030822157,0.0,0.8357031136106134,0.9230769230769231,0.07692307692307693,20.694336406125778,109.0
pp_quantile_calibrated,FOODS_2_001_TX_1,874.8820265005335,817.2407479613955,57.6412785391379,0.0,0.864373462260852,0.9358974358974359,0.0641025641025641,10.477445486684559,85.0
pp_quantile_calibrated,FOODS_2_002_CA_3,735.6065228478761,689.6913022492191,45.91522059865697,0.0,0.8979661764474289,0.9102564102564102,0.08974358974358974,8.842196182682297,90.0
pp_quantile_calibrated,FOODS_2_004_CA_1,665.8866458604273,598.8433016446018,67.04334421582558,0.0,0.8758456588595822,0.8974358974358975,0.10256410256410256,7.677478226212843,108.0
pp_quantile_calibrated,FOODS_2_009_CA_1,900.2020053808717,897.1102321061943,3.091773274677383,0.0,0.991969420065773,0.9871794871794872,0.01282051282051282,11.501413232130696,77.0
pp_quantile_calibrated,FOODS_2_009_WI_1,1471.8739333895737,1368.3739778465224,103.49995554305141,0.0,0.857241440630274,0.8974358974358975,0.10256410256410256,17.543256126237466,145.0
pp_quantile_calibrated,FOODS_2_012_CA_3,723.6937984369392,723.6937984369392,0.0,0.0,1.0,1.0,0.0,9.278125620986401,28.0
pp_quantile_calibrated,FOODS_2_014_CA_3,928.4600227767011,869.8511403096406,58.60888246706047,0.0,0.8803900357815092,0.8846153846153846,0.11538461538461539,11.151937696277445,98.0
pp_quantile_calibrated,FOODS_2_014_TX_1,540.6779798884365,521.8922028327818,18.78577705565479,0.0,0.8704429168575532,0.9615384615384616,0.038461538461538464,6.6909256773433565,29.0
pp_quantile_calibrated,FOODS_2_015_CA_1,895.208715397299,878.1052781202012,17.103437277097733,0.0,0.943923156468532,0.9743589743589743,0.02564102564102564,11.257759975900015,61.0
pp_quantile_calibrated,FOODS_2_017_WI_1,404.66128890505917,390.4148303769098,14.246458528149368,0.0,0.9366824065415583,0.9615384615384616,0.038461538461538464,5.00531833816551,45.0
pp_quantile_calibrated,FOODS_2_017_WI_3,496.29084432585483,496.29084432585483,0.0,0.0,1.0,1.0,0.0,6.362703132382754,2.0
pp_quantile_calibrated,FOODS_2_024_CA_4,715.629310608958,684.6151522989933,31.014158309964746,0.0,0.9030807552813602,0.9358974358974359,0.0641025641025641,8.777117337166581,64.0
pp_quantile_calibrated,FOODS_2_024_TX_2,1085.3299193069706,1054.973254657169,30.35666464980162,0.0,0.8359099208118831,0.9487179487179487,0.05128205128205128,13.525298136630372,37.0
pp_quantile_calibrated,FOODS_2_029_TX_3,2231.2378661844814,1940.7183074983293,290.51955868615204,0.0,0.788713048228253,0.8589743589743589,0.14102564102564102,24.881003942286274,275.0
pp_quantile_calibrated,FOODS_2_031_TX_1,2138.0278474387783,2138.0278474387783,0.0,0.0,1.0,1.0,0.0,27.410613428702284,9.0
pp_quantile_calibrated,FOODS_2_034_WI_3,1179.1126170282955,1159.0685672832171,20.04404974507837,0.0,0.9559471434174102,0.9743589743589743,0.02564102564102564,14.859853426707913,91.0
pp_quantile_calibrated,FOODS_2_043_TX_2,942.4315732305922,928.9513064997124,13.48026673087988,0.0,0.9037123804937152,0.9743589743589743,0.02564102564102564,11.909632134611696,28.0
pp_quantile_calibrated,FOODS_2_045_TX_1,972.758538632707,972.758538632707,0.0,0.0,1.0,1.0,0.0,12.471263315803936,16.0
pp_quantile_calibrated,FOODS_2_046_CA_3,576.5430241043285,569.3380769685494,7.204947135779101,0.0,0.9241584512023252,0.9743589743589743,0.02564102564102564,7.299206114981403,19.0
pp_quantile_calibrated,FOODS_2_047_CA_4,741.6445115318328,672.620072551336,69.02443898049685,0.0,0.8108919479986388,0.8717948717948718,0.1282051282051282,8.623334263478666,73.0
pp_quantile_calibrated,FOODS_2_047_WI_3,845.8747279321292,803.0840479852109,42.79067994691829,0.0,0.882765260419402,0.9487179487179487,0.05128205128205128,10.29594933314373,73.0
pp_quantile_calibrated,FOODS_2_051_WI_3,828.2960237354666,747.2319038167564,81.0641199187103,0.0,0.7809077840034856,0.8846153846153846,0.11538461538461539,9.579896202778928,74.0
pp_quantile_calibrated,FOODS_2_055_TX_1,801.0918704595928,735.368008085595,65.72386237399776,0.0,0.8616339739494784,0.9230769230769231,0.07692307692307693,9.427794975456345,95.0
pp_quantile_calibrated,FOODS_2_067_CA_2,3483.661841604898,3483.661841604898,0.0,0.0,1.0,1.0,0.0,44.6623313026269,15.0
pp_quantile_calibrated,FOODS_2_067_WI_3,1504.0771842156796,1504.0771842156796,0.0,0.0,1.0,1.0,0.0,19.283040823277943,0.0
pp_quantile_calibrated,FOODS_2_082_TX_3,1385.5026268990082,1239.2913006010638,146.21132629794442,0.0,0.8552363105960946,0.8589743589743589,0.14102564102564102,15.888350007705945,202.0
pp_quantile_calibrated,FOODS_2_084_WI_1,779.4978362154834,748.1290600536744,31.368776161809038,0.0,0.9103749252519742,0.9615384615384616,0.038461538461538464,9.591398205816338,70.0
pp_quantile_calibrated,FOODS_2_085_TX_2,566.1882908692826,555.4882917245687,10.699999144713788,0.0,0.9421621667853307,0.9615384615384616,0.038461538461538464,7.1216447656996,37.0
pp_quantile_calibrated,FOODS_2_087_WI_3,710.1038286155675,710.1038286155675,0.0,0.0,1.0,1.0,0.0,9.103895238661122,18.0
pp_quantile_calibrated,FOODS_2_100_WI_3,1234.2378144451184,1121.329101836431,112.90871260868734,0.0,0.8363641846250908,0.8974358974358975,0.10256410256410256,14.376014126108089,138.0
pp_quantile_calibrated,FOODS_2_101_WI_1,897.3043841431939,879.7675738734335,17.536810269760448,0.0,0.9626876377239141,0.9615384615384616,0.038461538461538464,11.279071459915814,94.0
pp_quantile_calibrated,FOODS_2_104_CA_2,696.7487724960897,694.8041712690601,1.9446012270295299,0.0,0.99401661160914,0.9871794871794872,0.01282051282051282,8.90774578550077,65.0
pp_quantile_calibrated,FOODS_2_105_TX_3,785.089548153659,774.0001997119884,11.089348441670577,0.0,0.9581534021069034,0.9743589743589743,0.02564102564102564,9.923079483487031,53.0
pp_quantile_calibrated,FOODS_2_107_CA_1,734.0618905287392,706.154550680292,27.907339848447208,0.0,0.9327533979555489,0.9487179487179487,0.05128205128205128,9.053263470260154,83.0
pp_quantile_calibrated,FOODS_2_107_CA_3,1709.5076167798668,1547.3533839361917,162.15423284367517,0.0,0.7274718775736552,0.8589743589743589,0.14102564102564102,19.837863896617844,119.0
pp_quantile_calibrated,FOODS_2_108_TX_1,550.11960081639,539.7405691784393,10.379031637950726,0.0,0.9505760398192823,0.9615384615384616,0.038461538461538464,6.919750886903068,42.0
pp_quantile_calibrated,FOODS_2_108_WI_2,1035.596324699991,911.3269226147211,124.26940208527007,0.0,0.8198994172677244,0.8846153846153846,0.11538461538461539,11.683678495060526,138.0
pp_quantile_calibrated,FOODS_2_116_TX_3,1474.4444514941779,1387.2241271523658,87.22032434181205,0.0,0.770472830679442,0.8974358974358975,0.10256410256410256,17.78492470708161,76.0
pp_quantile_calibrated,FOODS_2_117_WI_2,2618.0695401477537,2496.875441568585,121.19409857916871,0.0,0.8922719123740722,0.9358974358974359,0.0641025641025641,32.01122360985365,225.0
pp_quantile_calibrated,FOODS_2_118_CA_2,427.70382522980253,411.7273135872712,15.976511642531328,0.0,0.9180691710639419,0.9487179487179487,0.05128205128205128,5.278555302400913,39.0
pp_quantile_calibrated,FOODS_2_118_CA_4,497.9660876015241,416.4933556023114,81.47273199921273,0.0,0.6866433384645665,0.8461538461538461,0.15384615384615385,5.339658405157839,52.0
pp_quantile_calibrated,FOODS_2_124_CA_4,624.0642569849556,624.0642569849556,0.0,0.0,1.0,1.0,0.0,8.000823807499431,21.0
pp_quantile_calibrated,FOODS_2_124_WI_2,779.6234627109989,779.6234627109989,0.0,0.0,1.0,1.0,0.0,9.995172598858959,18.0
pp_quantile_calibrated,FOODS_2_128_TX_3,13147.0,12682.0,465.0,0.0,0.7190332326283988,0.8461538461538461,0.15384615384615385,162.5897435897436,331.0
pp_quantile_calibrated,FOODS_2_129_TX_2,429.44852107844457,429.44852107844457,0.0,0.0,1.0,1.0,0.0,5.505750270236469,16.0
pp_quantile_calibrated,FOODS_2_130_WI_2,1866.1207240026658,1763.2016470819808,102.91907692068506,0.0,0.905578828513133,0.8589743589743589,0.14102564102564102,22.605149321563857,218.0
pp_quantile_calibrated,FOODS_2_132_TX_2,554.1619409245048,554.1619409245048,0.0,0.0,1.0,1.0,0.0,7.104640268262883,0.0
pp_quantile_calibrated,FOODS_2_133_TX_2,685.4385153666744,636.060073917581,49.37844144909345,0.0,0.8136662586826662,0.9102564102564102,0.08974358974358974,8.15461633227668,53.0
pp_quantile_calibrated,FOODS_2_133_TX_3,472.763948046608,365.4178130253031,107.34613502130495,0.0,0.6421795499289834,0.8205128205128205,0.1794871794871795,4.684843756734655,60.0
pp_quantile_calibrated,FOODS_2_141_CA_3,925.4463366442757,857.2985442175602,68.14779242671548,0.0,0.8967457690504311,0.8974358974358975,0.10256410256410256,10.991006977148208,132.0
pp_quantile_calibrated,FOODS_2_146_WI_1,865.435998523481,815.6748810895074,49.76111743397361,0.0,0.914204969941425,0.9358974358974359,0.0641025641025641,10.4573702703783,116.0
pp_quantile_calibrated,FOODS_2_148_CA_2,1127.8832949931677,1087.8832949931677,40.0,0.0,0.8620689655172413,0.9615384615384616,0.038461538461538464,13.947221730681637,58.0
pp_quantile_calibrated,FOODS_2_149_TX_1,1583.9517789124047,1372.0285375221101,211.92324139029472,0.0,0.8350791895795372,0.8461538461538461,0.15384615384615385,17.590109455411667,257.0
pp_quantile_calibrated,FOODS_2_155_CA_4,1185.1346205945738,1185.1346205945738,0.0,0.0,1.0,1.0,0.0,15.19403359736633,10.0
pp_quantile_calibrated,FOODS_2_159_CA_1,487.64888048448927,487.64888048448927,0.0,0.0,1.0,1.0,0.0,6.251908724160119,30.0
pp_quantile_calibrated,FOODS_2_163_TX_3,1076.8984038305084,981.5836421735016,95.31476165700667,0.0,0.7423925360621442,0.8846153846153846,0.11538461538461539,12.584405668891046,74.0
pp_quantile_calibrated,FOODS_2_165_CA_4,604.1024392502059,604.1024392502059,0.0,0.0,1.0,1.0,0.0,7.744903067310331,10.0
pp_quantile_calibrated,FOODS_2_165_TX_1,437.43156894097183,437.43156894097183,0.0,0.0,1.0,1.0,0.0,5.608097037704767,4.0
pp_quantile_calibrated,FOODS_2_166_TX_2,2457.2489138503643,2457.2489138503643,0.0,0.0,1.0,1.0,0.0,31.5031912032098,11.0
pp_quantile_calibrated,FOODS_2_169_TX_3,427.2944249256361,419.72672988267476,7.5676950429613665,0.0,0.8990973994271818,0.9743589743589743,0.02564102564102564,5.381111921572753,15.0
pp_quantile_calibrated,FOODS_2_172_CA_2,620.8159996346584,525.1123591473965,95.70364048726182,0.0,0.8123458029661532,0.9102564102564102,0.08974358974358974,6.73220973265893,102.0
pp_quantile_calibrated,FOODS_2_176_WI_3,672.6398692875784,672.6398692875784,0.0,0.0,1.0,1.0,0.0,8.623588067789468,16.0
pp_quantile_calibrated,FOODS_2_177_WI_1,924.2157413036625,918.0917725425545,6.123968761108074,0.0,0.9739405584633699,0.9743589743589743,0.02564102564102564,11.770407340289161,47.0
pp_quantile_calibrated,FOODS_2_182_TX_3,767.4732234388673,767.4732234388673,0.0,0.0,1.0,1.0,0.0,9.8394003004983,31.0
pp_quantile_calibrated,FOODS_2_183_CA_4,1140.0897304705707,954.6860364460462,185.40369402452455,0.0,0.8359259344915712,0.8461538461538461,0.15384615384615385,12.239564569821104,226.0
pp_quantile_calibrated,FOODS_2_186_TX_1,499.44254138449105,479.74296359048253,19.699577794008547,0.0,0.8963180116104814,0.9615384615384616,0.038461538461538464,6.150550815262597,38.0
pp_quantile_calibrated,FOODS_2_187_CA_1,453.5038666303384,450.5140775723397,2.9897890579986797,0.0,0.9875425455916722,0.9871794871794872,0.01282051282051282,5.775821507337689,48.0
pp_quantile_calibrated,FOODS_2_192_CA_2,1196.6777192800505,1196.6777192800505,0.0,0.0,1.0,1.0,0.0,15.34202204205193,116.0
pp_quantile_calibrated,FOODS_2_192_TX_1,1333.7048958675598,1333.7048958675598,0.0,0.0,1.0,1.0,0.0,17.098780716250765,20.0
pp_quantile_calibrated,FOODS_2_198_CA_4,513.0909955403005,489.0713664812355,24.019629059064968,0.0,0.7598037094093504,0.9487179487179487,0.05128205128205128,6.270145724118404,20.0
pp_quantile_calibrated,FOODS_2_200_TX_1,947.6314476832489,920.2893604827692,27.342087200479703,0.0,0.8177194186634686,0.9487179487179487,0.05128205128205128,11.798581544650887,30.0
pp_quantile_calibrated,FOODS_2_201_WI_3,716.9043413381484,634.1877544159273,82.71658692222103,0.0,0.86658615012545,0.8461538461538461,0.15384615384615385,8.130612236101632,124.0
pp_quantile_calibrated,FOODS_2_202_WI_3,601.1620367343404,584.0779739390165,17.08406279532392,0.0,0.9378761352897312,0.9615384615384616,0.038461538461538464,7.488179153064314,55.0
pp_quantile_calibrated,FOODS_2_204_CA_4,1159.0819550643987,1094.496635623061,64.58531944133784,0.0,0.9231127149507883,0.9230769230769231,0.07692307692307693,14.0320081490136,168.0
pp_quantile_calibrated,FOODS_2_206_CA_3,1751.46392678057,1713.6962775327738,37.76764924779631,0.0,0.9580359452802264,0.9743589743589743,0.02564102564102564,21.970465096574024,180.0
pp_quantile_calibrated,FOODS_2_207_CA_3,439.35630697335984,439.35630697335984,0.0,0.0,1.0,1.0,0.0,5.632773166325126,13.0
pp_quantile_calibrated,FOODS_2_208_TX_1,968.9162476407726,958.2673272736424,10.648920367130152,0.0,0.9838652721710148,0.9871794871794872,0.01282051282051282,12.285478554790288,132.0
pp_quantile_calibrated,FOODS_2_212_CA_2,991.919238583637,952.0838400291545,39.835398554482424,0.0,0.9294948698150753,0.9358974358974359,0.0641025641025641,12.206203077296854,113.0
pp_quantile_calibrated,FOODS_2_214_CA_3,953.1767869098936,953.1767869098936,0.0,0.0,1.0,1.0,0.0,12.220215216793507,36.0
pp_quantile_calibrated,FOODS_2_218_CA_4,595.6232234333079,560.9835261965995,34.63969723670832,0.0,0.8586134806664967,0.9358974358974359,0.0641025641025641,7.192096489699994,49.0
pp_quantile_calibrated,FOODS_2_219_TX_1,807.137194577625,781.2197673735609,25.917427204064126,0.0,0.8635924883996625,0.9487179487179487,0.05128205128205128,10.01563804325078,38.0
pp_quantile_calibrated,FOODS_2_224_TX_2,498.196030028706,468.62510113189455,29.570928896811413,0.0,0.8884115890686362,0.9230769230769231,0.07692307692307693,6.008014117075571,53.0
pp_quantile_calibrated,FOODS_2_231_CA_1,1496.912569511575,1496.912569511575,0.0,0.0,1.0,1.0,0.0,19.191186788609937,40.0
pp_quantile_calibrated,FOODS_2_234_WI_3,634.0799743700312,634.0799743700312,0.0,0.0,1.0,1.0,0.0,8.129230440641425,16.0
pp_quantile_calibrated,FOODS_2_235_CA_2,1540.6752660647892,1522.9919388716264,17.68332719316284,0.0,0.958392171310205,0.9871794871794872,0.01282051282051282,19.525537677841363,85.0
pp_quantile_calibrated,FOODS_2_241_CA_3,3762.1740918094556,3318.9651686562092,443.20892315324625,0.0,0.8902948210016718,0.8461538461538461,0.15384615384615385,42.55083549559242,808.0
pp_quantile_calibrated,FOODS_2_241_WI_3,2232.451653944587,2095.951112771321,136.50054117326624,0.0,0.900364568486667,0.8974358974358975,0.10256410256410256,26.871168112452832,274.0
pp_quantile_calibrated,FOODS_2_242_CA_3,1876.217572064428,1864.664892877328,11.552679187099955,0.0,0.9799083840224349,0.9615384615384616,0.038461538461538464,23.905960165093948,115.0
pp_quantile_calibrated,FOODS_2_242_WI_1,1395.964728502028,1149.736166439197,246.22856206283114,0.0,0.7153427028175362,0.8717948717948718,0.1282051282051282,14.740207262040986,173.0
pp_quantile_calibrated,FOODS_2_250_WI_2,1608.4495004142448,1586.354434807051,22.095065607193938,0.0,0.9251014725179867,0.9487179487179487,0.05128205128205128,20.337877369321166,59.0
pp_quantile_calibrated,FOODS_2_253_CA_1,645.5603565762782,560.572166183926,84.98819039235221,0.0,0.8191740629949954,0.8589743589743589,0.14102564102564102,7.186822643383667,94.0
pp_quantile_calibrated,FOODS_2_254_TX_3,872.4118186703178,832.1273007688308,40.284517901486964,0.0,0.8420214984255414,0.9358974358974359,0.0641025641025641,10.668298727805523,51.0
pp_quantile_calibrated,FOODS_2_254_WI_1,407.6250218456942,365.08548685732154,42.539534988372665,0.0,0.6848923334194618,0.9358974358974359,0.0641025641025641,4.680583164837456,27.0
pp_quantile_calibrated,FOODS_2_255_TX_2,8634.40000000007,8634.40000000007,0.0,0.0,1.0,1.0,0.0,110.6974358974368,62.0
pp_quantile_calibrated,FOODS_2_261_WI_2,973.692574381168,959.8212154056425,13.871358975525485,0.0,0.968828406796572,0.9743589743589743,0.02564102564102564,12.305400197508238,89.0
pp_quantile_calibrated,FOODS_2_270_CA_3,897.9324195693844,897.9324195693844,0.0,0.0,1.0,1.0,0.0,11.51195409704339,18.0
pp_quantile_calibrated,FOODS_2_270_WI_2,747.2902415754447,739.290241575445,7.9999999999998295,0.0,0.9542857142857153,0.9871794871794872,0.01282051282051282,9.478080020198012,35.0
pp_quantile_calibrated,FOODS_2_271_WI_2,309.81920479397206,308.43445055884047,1.3847542351315933,0.0,0.9786960886902831,0.9871794871794872,0.01282051282051282,3.954287827677442,13.0
pp_quantile_calibrated,FOODS_2_273_TX_3,447.96086310026396,443.08861722619696,4.872245874066978,0.0,0.9390969265741628,0.9871794871794872,0.01282051282051282,5.6806232977717555,16.0
pp_quantile_calibrated,FOODS_2_274_CA_3,2010.211159515295,1877.1740199677458,133.0371395475492,0.0,0.8948323007529255,0.8974358974358975,0.10256410256410256,24.066333589330075,253.0
pp_quantile_calibrated,FOODS_2_274_TX_2,2051.1209749571262,2051.1209749571262,0.0,0.0,1.0,1.0,0.0,26.296422755860593,136.0
pp_quantile_calibrated,FOODS_2_278_CA_4,623.508557624549,562.5408785716406,60.96767905290841,0.0,0.796774403156972,0.9230769230769231,0.07692307692307693,7.212062545790265,60.0
pp_quantile_calibrated,FOODS_2_284_TX_3,571.6468573102927,557.4589360761321,14.187921234160594,0.0,0.8864966301267152,0.9615384615384616,0.038461538461538464,7.1469094368734885,25.0
pp_quantile_calibrated,FOODS_2_284_WI_2,491.57756385919623,448.14615826911563,43.431405590080594,0.0,0.8361079034336582,0.9358974358974359,0.0641025641025641,5.745463567552765,53.0
pp_quantile_calibrated,FOODS_2_290_WI_1,912.1244258375261,801.6499653817799,110.47446045574624,0.0,0.8421793422060768,0.8846153846153846,0.11538461538461539,10.277563658740767,140.0
pp_quantile_calibrated,FOODS_2_298_TX_2,928.16531371854,907.5779416600997,20.587372058440316,0.0,0.8995737948368765,0.9487179487179487,0.05128205128205128,11.635614636667944,41.0
pp_quantile_calibrated,FOODS_2_306_TX_1,448.11907196292003,426.54409994020716,21.574972022712863,0.0,0.9101042832386965,0.9487179487179487,0.05128205128205128,5.468514101797528,48.0
pp_quantile_calibrated,FOODS_2_309_TX_2,1259.263723242809,1239.263723242809,20.0,0.0,0.9285714285714286,0.9615384615384616,0.038461538461538464,15.887996451830885,56.0
pp_quantile_calibrated,FOODS_2_311_WI_3,746.211651442708,684.7914097767731,61.4202416659349,0.0,0.8650104578770662,0.8974358974358975,0.10256410256410256,8.779377048420168,91.0
pp_quantile_calibrated,FOODS_2_312_CA_1,634.6386551110099,634.6386551110099,0.0,0.0,1.0,1.0,0.0,8.136393014243717,31.0
pp_quantile_calibrated,FOODS_2_312_TX_2,815.081510165016,777.2721038937849,37.80940627123101,0.0,0.8934946302218845,0.9102564102564102,0.08974358974358974,9.965026972997242,71.0
pp_quantile_calibrated,FOODS_2_313_CA_4,750.3437582410529,750.3437582410529,0.0,0.0,1.0,1.0,0.0,9.619791772321191,2.0
pp_quantile_calibrated,FOODS_2_321_WI_1,376.34504292489805,332.159760425152,44.18528249974603,0.0,0.8700432867654528,0.8974358974358975,0.10256410256410256,4.258458466989128,68.0
pp_quantile_calibrated,FOODS_2_325_WI_3,3088.0534075017695,2471.48971742818,616.5636900735893,0.0,0.759624292368971,0.782051282051282,0.21794871794871795,31.68576560805359,513.0
pp_quantile_calibrated,FOODS_2_326_WI_1,3066.8452489848896,2672.414515315551,394.4307336693389,0.0,0.8477101414404097,0.8717948717948718,0.1282051282051282,34.261724555327575,518.0
pp_quantile_calibrated,FOODS_2_329_TX_3,430.0800804096006,421.89628444401814,8.183795965582457,0.0,0.9138547793096584,0.9871794871794872,0.01282051282051282,5.408926723641258,19.0
pp_quantile_calibrated,FOODS_2_332_TX_2,602.1147601423897,595.6522262543066,6.462533888083133,0.0,0.9719020265735516,0.9743589743589743,0.02564102564102564,7.636567003260341,46.0
pp_quantile_calibrated,FOODS_2_332_WI_1,484.5143784261609,471.64297174203415,12.8714066841267,0.0,0.9304248287344503,0.9487179487179487,0.05128205128205128,6.046704765923515,37.0
pp_quantile_calibrated,FOODS_2_338_TX_3,743.4279784400736,699.622694585233,43.80528385484055,0.0,0.9269911935752657,0.9358974358974359,0.0641025641025641,8.969521725451706,120.0
pp_quantile_calibrated,FOODS_2_340_WI_2,1011.2824369907858,993.3401168483762,17.942320142409596,0.0,0.960994956212153,0.9615384615384616,0.038461538461538464,12.73512970318431,92.0
pp_quantile_calibrated,FOODS_2_342_CA_3,2447.337703804757,2240.1135118282273,207.22419197652954,0.0,0.9017894824755784,0.8717948717948718,0.1282051282051282,28.719403997797787,422.0
pp_quantile_calibrated,FOODS_2_347_WI_3,5392.371834328381,4490.35066931458,902.0211650138008,0.0,0.730739950742149,0.7692307692307693,0.23076923076923078,57.568598324545896,670.0
pp_quantile_calibrated,FOODS_2_350_WI_2,1376.9268747141155,1376.9268747141155,0.0,0.0,1.0,1.0,0.0,17.65290865018097,29.0
pp_quantile_calibrated,FOODS_2_351_CA_1,824.7889846430219,782.7055696488648,42.08341499415715,0.0,0.838140711560934,0.9230769230769231,0.07692307692307693,10.034686790370062,52.0
pp_quantile_calibrated,FOODS_2_354_CA_4,677.1348808237271,656.9545015260007,20.18037929772646,0.0,0.7875749547607741,0.9487179487179487,0.05128205128205128,8.422493609307702,19.0
pp_quantile_calibrated,FOODS_2_355_WI_2,1036.2710580479463,990.4063935316203,45.86466451632596,0.0,0.9400461901747372,0.8974358974358975,0.10256410256410256,12.697517865790005,153.0
pp_quantile_calibrated,FOODS_2_356_CA_2,1002.4216431586995,979.1648962829944,23.256746875705012,0.0,0.965798901653375,0.9615384615384616,0.038461538461538464,12.553396106192237,136.0
pp_quantile_calibrated,FOODS_2_370_CA_2,835.9845723684609,793.5698081500104,42.414764218450465,0.0,0.819511641623615,0.9230769230769231,0.07692307692307693,10.173971899359108,47.0
pp_quantile_calibrated,FOODS_2_370_CA_3,942.7912812101239,932.52757674088,10.263704469243917,0.0,0.9429794196153115,0.9615384615384616,0.038461538461538464,11.955481753088206,36.0
pp_quantile_calibrated,FOODS_2_371_WI_3,4356.803154115271,4303.768720105521,53.0344340097497,0.0,0.983110052863137,0.9871794871794872,0.01282051282051282,55.17652205263489,628.0
pp_quantile_calibrated,FOODS_2_376_TX_1,820.4570439448547,789.1917396398518,31.265304305002886,0.0,0.8669561518936048,0.9358974358974359,0.0641025641025641,10.117842815895536,47.0
pp_quantile_calibrated,FOODS_2_386_CA_2,875.4793285997235,874.094907903283,1.3844206964405714,0.0,0.9943493032798344,0.9871794871794872,0.01282051282051282,11.206344973119013,49.0
pp_quantile_calibrated,FOODS_2_387_WI_2,872.2340375051638,808.3287045263467,63.9053329788171,0.0,0.8848552558940233,0.8974358974358975,0.10256410256410256,10.363188519568547,111.0
pp_quantile_calibrated,FOODS_2_389_TX_2,1501.2933280656528,1501.2933280656528,0.0,0.0,1.0,1.0,0.0,19.24735035981606,3.0
pp_quantile_calibrated,FOODS_2_390_CA_4,1586.086407906989,1586.086407906989,0.0,0.0,1.0,1.0,0.0,20.33444112701268,4.0
pp_quantile_calibrated,FOODS_2_399_TX_2,1154.4764192967953,1103.0301460050723,51.44627329172293,0.0,0.9047291235338464,0.9230769230769231,0.07692307692307693,14.141412128270158,108.0
pp_quantile_calibrated,FOODS_3_003_WI_3,1726.8970145982348,1726.8970145982348,0.0,0.0,1.0,1.0,0.0,22.139705315361986,34.0
pp_quantile_calibrated,FOODS_3_009_CA_4,411.7000379043331,400.59731406230674,11.102723842026379,0.0,0.9537386506582234,0.9487179487179487,0.05128205128205128,5.135863000798804,48.0
pp_quantile_calibrated,FOODS_3_009_TX_2,1096.307122529332,1056.9296686882606,39.377453841071514,0.0,0.8963751214708644,0.9487179487179487,0.05128205128205128,13.550380367798212,76.0
pp_quantile_calibrated,FOODS_3_011_CA_1,1022.1731472486886,776.8360844324917,245.33706281619692,0.0,0.7866634236380896,0.7948717948717948,0.20512820512820512,9.95943697990374,230.0
pp_quantile_calibrated,FOODS_3_014_CA_1,1936.3791665163537,1936.3791665163537,0.0,0.0,1.0,1.0,0.0,24.82537392969684,2.0
pp_quantile_calibrated,FOODS_3_019_TX_2,735.7662044013613,723.4628366139132,12.303367787448138,0.0,0.9487359675522994,0.9743589743589743,0.02564102564102564,9.275164571973246,48.0
pp_quantile_calibrated,FOODS_3_022_CA_1,427.7722651987486,427.7722651987486,0.0,0.0,1.0,1.0,0.0,5.484259810240366,29.0
pp_quantile_calibrated,FOODS_3_023_TX_1,882.5032820390068,811.9760333057167,70.5272487332901,0.0,0.8320779792064521,0.8717948717948718,0.1282051282051282,10.409949144945086,84.0
pp_quantile_calibrated,FOODS_3_023_TX_3,643.301343698694,621.8472471902029,21.45409650849116,0.0,0.9284863449716961,0.9615384615384616,0.038461538461538464,7.972400605002601,60.0
pp_quantile_calibrated,FOODS_3_023_WI_2,719.165338547753,674.165338547753,45.0,0.0,0.8301886792452831,0.9358974358974359,0.0641025641025641,8.643145365996833,53.0
pp_quantile_calibrated,FOODS_3_024_TX_3,4020.8198456786954,4020.8198456786954,0.0,0.0,1.0,1.0,0.0,51.548972380496096,195.0
pp_quantile_calibrated,FOODS_3_024_WI_1,7270.0,7270.0,0.0,0.0,1.0,1.0,0.0,93.2051282051282,75.0
pp_quantile_calibrated,FOODS_3_026_CA_1,1225.081658980123,1178.0801811454155,47.001477834707366,0.0,0.9453471187968521,0.9487179487179487,0.05128205128205128,15.103592065966865,172.0
pp_quantile_calibrated,FOODS_3_030_TX_3,9645.639683315012,9145.623074262076,500.0166090529373,0.0,0.9402608591334602,0.9230769230769231,0.07692307692307693,117.25157787515481,1674.0
pp_quantile_calibrated,FOODS_3_034_CA_1,1006.3773154260648,921.5846813298444,84.79263409622035,0.0,0.8814089033619296,0.8974358974358975,0.10256410256410256,11.815188222177493,143.0
pp_quantile_calibrated,FOODS_3_035_WI_1,773.584332814255,770.9941142767615,2.590218537493598,0.0,0.9915074802049391,0.9871794871794872,0.01282051282051282,9.884539926625147,61.0
pp_quantile_calibrated,FOODS_3_036_CA_4,879.5522544977702,879.5522544977702,0.0,0.0,1.0,1.0,0.0,11.276310955099618,9.0
pp_quantile_calibrated,FOODS_3_038_CA_4,655.6335682970666,614.3342737533469,41.29929454371977,0.0,0.880291899873276,0.9230769230769231,0.07692307692307693,7.8760804327352165,69.0
pp_quantile_calibrated,FOODS_3_038_WI_1,1004.0257244375124,923.845341486623,80.18038295088932,0.0,0.7772767140253075,0.8717948717948718,0.1282051282051282,11.844171044700296,72.0
pp_quantile_calibrated,FOODS_3_040_WI_1,1486.790062159257,1347.9235876135424,138.8664745457147,0.0,0.6914078343428562,0.8461538461538461,0.15384615384615385,17.281071636071058,90.0
pp_quantile_calibrated,FOODS_3_048_TX_1,1565.580724600244,1565.580724600244,0.0,0.0,1.0,1.0,0.0,20.071547751285177,64.0
pp_quantile_calibrated,FOODS_3_048_TX_3,1352.0932901982658,1314.4443448309596,37.64894536730619,0.0,0.9309193662985207,0.9871794871794872,0.01282051282051282,16.851850574755893,109.0
pp_quantile_calibrated,FOODS_3_049_TX_1,562.6004668533736,560.4784695846784,2.1219972686952726,0.0,0.9848428766521765,0.9871794871794872,0.01282051282051282,7.185621404931774,28.0
pp_quantile_calibrated,FOODS_3_050_CA_2,643.0142195293765,619.1956438476259,23.818575681750627,0.0,0.9288997740843264,0.9487179487179487,0.05128205128205128,7.938405690354178,67.0
pp_quantile_calibrated,FOODS_3_053_CA_4,714.4242222832319,647.8215430056258,66.60267927760606,0.0,0.8503310578031325,0.9358974358974359,0.0641025641025641,8.305404397508024,89.0
pp_quantile_calibrated,FOODS_3_054_WI_3,2246.40000000001,2246.40000000001,0.0,0.0,1.0,1.0,0.0,28.80000000000013,0.0
pp_quantile_calibrated,FOODS_3_057_WI_3,478.9137430695632,478.9137430695632,0.0,0.0,1.0,1.0,0.0,6.139919782943118,20.0
pp_quantile_calibrated,FOODS_3_066_CA_4,1842.252904688913,1551.755103224227,290.497801464686,0.0,0.7910087759246863,0.8333333333333334,0.16666666666666666,19.8942961951824,278.0
pp_quantile_calibrated,FOODS_3_066_TX_3,2139.6077795337087,1826.1077316607061,313.5000478730026,0.0,0.7531495686039349,0.782051282051282,0.21794871794871795,23.411637585393667,254.0
pp_quantile_calibrated,FOODS_3_067_CA_4,561.2571950462361,537.1256344247172,24.131560621518968,0.0,0.9445251479965081,0.9358974358974359,0.0641025641025641,6.886226082368169,87.0
pp_quantile_calibrated,FOODS_3_072_WI_3,609.5153227568363,550.8048113628429,58.71051139399347,0.0,0.6738304922555918,0.8846153846153846,0.11538461538461539,7.061600145677473,36.0
pp_quantile_calibrated,FOODS_3_074_CA_2,1263.3627140933368,1088.3918840677575,174.97083002557935,0.0,0.8087750491523724,0.8333333333333334,0.16666666666666666,13.953742103432788,183.0
pp_quantile_calibrated,FOODS_3_091_TX_1,495.2041234618388,452.08337279165505,43.120750670183725,0.0,0.8125184753470273,0.9358974358974359,0.0641025641025641,5.79594067681609,46.0
pp_quantile_calibrated,FOODS_3_091_WI_1,501.5966620665854,473.6823368879565,27.91432517862888,0.0,0.8074874125611802,0.9358974358974359,0.0641025641025641,6.07285047292252,29.0
pp_quantile_calibrated,FOODS_3_094_TX_2,1152.4512468180767,1152.4512468180767,0.0,0.0,1.0,1.0,0.0,14.775015984847137,99.0
pp_quantile_calibrated,FOODS_3_101_WI_3,1541.5686894097855,1445.6790632312993,95.88962617848622,0.0,0.9310146574255496,0.8974358974358975,0.10256410256410256,18.534346964503836,278.0
pp_quantile_calibrated,FOODS_3_102_WI_2,837.7840483947571,780.8383470687837,56.9457013259734,0.0,0.896462361225503,0.9358974358974359,0.0641025641025641,10.010748039343381,110.0
pp_quantile_calibrated,FOODS_3_103_TX_1,449.17766805540043,446.08486275782514,3.092805297575296,0.0,0.9731060408906496,0.9871794871794872,0.01282051282051282,5.719036702023399,23.0
pp_quantile_calibrated,FOODS_3_103_WI_1,737.5757466787162,683.5669513693176,54.00879530939861,0.0,0.9211550433439436,0.8974358974358975,0.10256410256410256,8.7636788637092,137.0
pp_quantile_calibrated,FOODS_3_110_WI_1,693.4280240049771,693.4280240049771,0.0,0.0,1.0,1.0,0.0,8.890102871858682,24.0
pp_quantile_calibrated,FOODS_3_111_TX_1,770.2050500972423,765.3425614829787,4.862488614263594,0.0,0.9459723487304045,0.9871794871794872,0.01282051282051282,9.81208412157665,18.0
pp_quantile_calibrated,FOODS_3_111_WI_1,472.78220143145154,472.78220143145154,0.0,0.0,1.0,1.0,0.0,6.061310274762199,32.0
pp_quantile_calibrated,FOODS_3_117_CA_4,643.0591811840127,603.7069938662738,39.3521873177389,0.0,0.8990969555955414,0.9230769230769231,0.07692307692307693,7.739833254695818,78.0
pp_quantile_calibrated,FOODS_3_120_TX_1,7086.615631138635,5551.827016700319,1534.7886144383156,0.0,0.673796256229901,0.7564102564102564,0.24358974358974358,71.17726944487589,941.0
pp_quantile_calibrated,FOODS_3_125_CA_1,1930.39509797681,1930.39509797681,0.0,0.0,1.0,1.0,0.0,24.74865510226679,48.0
pp_quantile_calibrated,FOODS_3_126_WI_1,1041.9564813868,1040.9244012905094,1.0320800962906418,0.0,0.998348671845935,0.9871794871794872,0.01282051282051282,13.345184631929609,125.0
pp_quantile_calibrated,FOODS_3_133_CA_1,2496.717745230193,1889.4436700313177,607.2740751988756,0.0,0.7869213771232014,0.782051282051282,0.21794871794871795,24.223636795273304,570.0
pp_quantile_calibrated,FOODS_3_133_CA_2,2496.2009054510836,2163.806503396478,332.3944020546054,0.0,0.8532475046116532,0.8205128205128205,0.1794871794871795,27.741109017903565,453.0
pp_quantile_calibrated,FOODS_3_133_TX_1,2074.7309709275382,1954.4167255008317,120.31424542670642,0.0,0.8802843329087499,0.8974358974358975,0.10256410256410256,25.056624685908098,201.0
pp_quantile_calibrated,FOODS_3_134_TX_1,2815.091749654911,2525.9236987230865,289.1680509318245,0.0,0.8278761601596282,0.8461538461538461,0.15384615384615385,32.3836371631165,336.0
pp_quantile_calibrated,FOODS_3_136_CA_1,1928.2736724387519,1521.4966190667346,406.7770533720171,0.0,0.780713178775193,0.8333333333333334,0.16666666666666666,19.506366911111982,371.0
pp_quantile_calibrated,FOODS_3_138_WI_3,1023.6871489075506,887.8827476384206,135.8044012691301,0.0,0.8373599984800838,0.8333333333333334,0.16666666666666666,11.38311214921052,167.0
pp_quantile_calibrated,FOODS_3_141_TX_3,479.99070422707894,470.8333193652152,9.157384861863749,0.0,0.9167510467103296,0.9743589743589743,0.02564102564102564,6.036324607246349,22.0
pp_quantile_calibrated,FOODS_3_154_CA_1,1021.3292309723014,1021.3292309723014,0.0,0.0,1.0,1.0,0.0,13.093964499644889,30.0
pp_quantile_calibrated,FOODS_3_155_TX_1,278.63621386958766,270.59034326187174,8.04587060771592,0.0,0.9106014376920454,0.9615384615384616,0.038461538461538464,3.4691069648957913,18.0
pp_quantile_calibrated,FOODS_3_157_CA_2,1212.4753854918117,1212.4753854918117,0.0,0.0,1.0,1.0,0.0,15.544556224253997,60.0
pp_quantile_calibrated,FOODS_3_158_WI_3,362.00691849172796,355.48260036510504,6.524318126622912,0.0,0.9550047025750144,0.9743589743589743,0.02564102564102564,4.557469235450065,29.0
pp_quantile_calibrated,FOODS_3_160_CA_1,409.2479212554166,249.61412136364217,159.63379989177446,0.0,0.1131455561568086,0.8717948717948718,0.1282051282051282,3.2001810431236177,36.0
pp_quantile_calibrated,FOODS_3_160_TX_1,936.0,936.0,0.0,0.0,1.0,1.0,0.0,12.0,0.0
pp_quantile_calibrated,FOODS_3_160_WI_2,167.13762427919033,111.02879878601709,56.108825493173256,0.0,0.13678730010502685,0.9358974358974359,0.0641025641025641,1.4234461382822705,13.0
pp_quantile_calibrated,FOODS_3_161_WI_1,772.6453769052014,772.6453769052014,0.0,0.0,1.0,1.0,0.0,9.905709960323094,19.0
pp_quantile_calibrated,FOODS_3_162_WI_2,754.4075153992928,738.0204665469798,16.387048852312986,0.0,0.946271970976023,0.9871794871794872,0.01282051282051282,9.461800853166409,61.0
pp_quantile_calibrated,FOODS_3_163_TX_2,491.00867679873966,421.7404803237942,69.26819647494547,0.0,0.8407627667242633,0.8589743589743589,0.14102564102564102,5.4069292349204385,87.0
pp_quantile_calibrated,FOODS_3_169_TX_3,1238.1981762765408,1169.192102867041,69.00607340949972,0.0,0.9103817228448056,0.8846153846153846,0.11538461538461539,14.989642344449244,154.0
pp_quantile_calibrated,FOODS_3_171_WI_2,482.7462475145632,482.7462475145632,0.0,0.0,1.0,1.0,0.0,6.1890544553149125,15.0
pp_quantile_calibrated,FOODS_3_172_CA_3,1575.0504984804975,1575.0504984804975,0.0,0.0,1.0,1.0,0.0,20.192955108724327,166.0
pp_quantile_calibrated,FOODS_3_172_TX_3,1616.6260401095528,1606.571119888144,10.054920221408743,0.0,0.9826639306527436,0.9743589743589743,0.02564102564102564,20.59706563959159,116.0
pp_quantile_calibrated,FOODS_3_176_WI_3,572.9908221740471,562.3327741787368,10.658047995310307,0.0,0.9526308977986209,0.9871794871794872,0.01282051282051282,7.209394540753037,45.0
pp_quantile_calibrated,FOODS_3_178_WI_2,760.2213052563872,691.0944550944708,69.12685016191634,0.0,0.8818344441676644,0.8974358974358975,0.10256410256410256,8.860185321723986,117.0
pp_quantile_calibrated,FOODS_3_180_WI_1,596.3042069981764,579.2986576825555,17.005549315620954,0.0,0.9442441006045215,0.9743589743589743,0.02564102564102564,7.42690586772507,61.0
pp_quantile_calibrated,FOODS_3_184_WI_3,2450.0,2345.0,105.0,0.0,0.6612903225806451,0.8589743589743589,0.14102564102564102,30.064102564102566,62.0
pp_quantile_calibrated,FOODS_3_192_TX_2,843.2141330046801,804.9227280901896,38.29140491449049,0.0,0.9401696798211086,0.9230769230769231,0.07692307692307693,10.319522155002431,128.0
pp_quantile_calibrated,FOODS_3_197_WI_1,671.7590742200678,660.1078475554397,11.651226664628132,0.0,0.9271798333460741,0.9615384615384616,0.038461538461538464,8.462921122505637,32.0
pp_quantile_calibrated,FOODS_3_198_TX_2,1162.0,1162.0,0.0,0.0,1.0,1.0,0.0,14.897435897435898,2.0
pp_quantile_calibrated,FOODS_3_198_WI_3,812.3287393193226,812.3287393193226,0.0,0.0,1.0,1.0,0.0,10.414471016914392,4.0
pp_quantile_calibrated,FOODS_3_199_CA_2,2063.82869477199,2029.5192737486489,34.30942102334106,0.0,0.8475136843407063,0.9487179487179487,0.05128205128205128,26.01947786857242,45.0
pp_quantile_calibrated,FOODS_3_199_TX_1,1078.4245969813767,1077.2993091109308,1.125287870445737,0.0,0.9916645342929945,0.9871794871794872,0.01282051282051282,13.811529603986292,27.0
pp_quantile_calibrated,FOODS_3_204_CA_2,696.7285044437089,664.2585931326967,32.4699113110122,0.0,0.8985315271530869,0.9487179487179487,0.05128205128205128,8.516135809393546,64.0
pp_quantile_calibrated,FOODS_3_204_CA_4,764.8171023648728,764.8171023648728,0.0,0.0,1.0,1.0,0.0,9.805347466216318,47.0
pp_quantile_calibrated,FOODS_3_205_TX_1,2625.0336287196196,2625.0336287196196,0.0,0.0,1.0,1.0,0.0,33.654277291277175,10.0
pp_quantile_calibrated,FOODS_3_208_WI_3,745.1391404086986,652.3913325024434,92.74780790625516,0.0,0.7961586639422964,0.9102564102564102,0.08974358974358974,8.36399144233902,91.0
pp_quantile_calibrated,FOODS_3_209_TX_2,666.3520775263387,666.3520775263387,0.0,0.0,1.0,1.0,0.0,8.542975352901777,13.0
pp_quantile_calibrated,FOODS_3_210_TX_1,357.5761552740068,357.5761552740068,0.0,0.0,1.0,1.0,0.0,4.584309683000087,0.0
pp_quantile_calibrated,FOODS_3_211_CA_1,1093.0500743364246,862.4313282824883,230.61874605393623,0.0,0.6796961860361996,0.7692307692307693,0.23076923076923078,11.056811901057541,144.0
pp_quantile_calibrated,FOODS_3_215_CA_3,1300.3734821134362,1258.8922063103323,41.48127580310387,0.0,0.9544161804361496,0.9615384615384616,0.038461538461538464,16.139643670645285,182.0
pp_quantile_calibrated,FOODS_3_215_CA_4,851.229558442204,782.2933143820449,68.9362440601592,0.0,0.8686928684568397,0.9102564102564102,0.08974358974358974,10.029401466436472,105.0
pp_quantile_calibrated,FOODS_3_224_CA_1,964.7522360241019,830.9595451402427,133.79269088385928,0.0,0.8295634511033642,0.8333333333333334,0.16666666666666666,10.653327501797984,157.0
pp_quantile_calibrated,FOODS_3_229_CA_1,1365.3760235042678,1365.3760235042678,0.0,0.0,1.0,1.0,0.0,17.50482081415728,51.0
pp_quantile_calibrated,FOODS_3_232_WI_3,575.7495128128281,568.0619341152573,7.687578697570867,0.0,0.9720451683724695,0.9615384615384616,0.038461538461538464,7.282845309169965,55.0
pp_quantile_calibrated,FOODS_3_237_WI_3,1192.4508559346573,1192.4508559346573,0.0,0.0,1.0,1.0,0.0,15.28783148634176,58.0
pp_quantile_calibrated,FOODS_3_239_CA_4,496.7928002703447,463.8816588201009,32.91114145024379,0.0,0.8803231219991136,0.9358974358974359,0.0641025641025641,5.947200754103857,55.0
pp_quantile_calibrated,FOODS_3_240_TX_3,643.2686918851603,610.7807394074316,32.48795247772867,0.0,0.9058320218036849,0.9615384615384616,0.038461538461538464,7.830522300095277,69.0
pp_quantile_calibrated,FOODS_3_243_WI_1,691.7555274914407,691.7555274914407,0.0,0.0,1.0,1.0,0.0,8.868660608864625,19.0
pp_quantile_calibrated,FOODS_3_246_CA_2,1054.5977785030598,973.2748260329995,81.32295247006034,0.0,0.8821406485941155,0.9102564102564102,0.08974358974358974,12.477882385038455,138.0
pp_quantile_calibrated,FOODS_3_246_TX_2,646.9759813474217,611.5824098527239,35.39357149469778,0.0,0.8800217915433973,0.9102564102564102,0.08974358974358974,7.8408001263169735,59.0
pp_quantile_calibrated,FOODS_3_247_CA_3,1058.3135854321445,961.728102584268,96.58548284787653,0.0,0.7727400403579375,0.8974358974358975,0.10256410256410256,12.329847469029076,85.0
pp_quantile_calibrated,FOODS_3_255_WI_2,631.0056528264844,631.0056528264844,0.0,0.0,1.0,1.0,0.0,8.089816061878006,25.0
pp_quantile_calibrated,FOODS_3_256_WI_1,530.5919844236242,530.5919844236242,0.0,0.0,1.0,1.0,0.0,6.802461338764413,9.0
pp_quantile_calibrated,FOODS_3_257_TX_2,978.8742381242217,893.8195148385378,85.05472328568399,0.0,0.8873447373699549,0.8846153846153846,0.11538461538461539,11.459224549212022,151.0
pp_quantile_calibrated,FOODS_3_258_CA_3,2433.07973795352,2234.5848978522117,198.49484010130845,0.0,0.8747666623966509,0.8846153846153846,0.11538461538461539,28.64852433143861,317.0
pp_quantile_calibrated,FOODS_3_258_TX_1,1438.1793429443896,1432.0738916342198,6.105451310169947,0.0,0.9941010132268889,0.9871794871794872,0.01282051282051282,18.3599216876182,207.0
pp_quantile_calibrated,FOODS_3_258_TX_2,1384.4215355769566,1340.6933403788105,43.72819519814598,0.0,0.9585514737458332,0.9743589743589743,0.02564102564102564,17.1883761587027,211.0
pp_quantile_calibrated,FOODS_3_258_WI_2,2395.7347365112487,2086.4238223977814,309.3109141134673,0.0,0.82622982353176,0.8205128205128205,0.1794871794871795,26.74902336407412,356.0
pp_quantile_calibrated,FOODS_3_265_TX_3,759.2421381386624,728.6400930977883,30.60204504087416,0.0,0.9234948873978146,0.9230769230769231,0.07692307692307693,9.341539655099849,80.0
pp_quantile_calibrated,FOODS_3_265_WI_2,653.0959017286718,653.0959017286718,0.0,0.0,1.0,1.0,0.0,8.373024381136819,68.0
pp_quantile_calibrated,FOODS_3_270_WI_3,433.28756445875155,433.28756445875155,0.0,0.0,1.0,1.0,0.0,5.554968775112199,31.0
pp_quantile_calibrated,FOODS_3_271_WI_2,1119.841053877691,1082.3476648927813,37.493388984909686,0.0,0.8469657592452666,0.9230769230769231,0.07692307692307693,13.876252114010017,49.0
pp_quantile_calibrated,FOODS_3_277_CA_4,797.940211178395,677.8236976536831,120.11651352471193,0.0,0.7034160159883657,0.8333333333333334,0.16666666666666666,8.69004740581645,81.0
pp_quantile_calibrated,FOODS_3_278_WI_2,2991.776679472746,2792.398148376129,199.37853109661674,0.0,0.9095788974618517,0.9102564102564102,0.08974358974358974,35.79997626123242,441.0
pp_quantile_calibrated,FOODS_3_279_TX_3,408.3063123984889,408.3063123984889,0.0,0.0,1.0,1.0,0.0,5.23469631280114,14.0
pp_quantile_calibrated,FOODS_3_280_WI_3,453.6738923580998,404.44728437319344,49.22660798490634,0.0,0.8386012852953891,0.9102564102564102,0.08974358974358974,5.185221594528121,61.0
pp_quantile_calibrated,FOODS_3_282_WI_3,19698.123912358504,17971.689720097915,1726.4341922605888,0.0,0.8487574075987221,0.8205128205128205,0.1794871794871795,230.40627846279378,2283.0
pp_quantile_calibrated,FOODS_3_286_TX_3,627.6107277827198,627.6107277827198,0.0,0.0,1.0,1.0,0.0,8.046291381829741,34.0
pp_quantile_calibrated,FOODS_3_286_WI_3,670.6557828732648,619.2937501941196,51.36203267914517,0.0,0.8511245429589995,0.9358974358974359,0.0641025641025641,7.939663464027175,69.0
pp_quantile_calibrated,FOODS_3_289_TX_3,443.29511028675296,443.29511028675296,0.0,0.0,1.0,1.0,0.0,5.683270644701961,19.0
pp_quantile_calibrated,FOODS_3_295_TX_1,5929.760931151477,4877.806837134352,1051.9540940171253,0.0,0.6915090633380865,0.782051282051282,0.21794871794871795,62.535985091466046,682.0
pp_quantile_calibrated,FOODS_3_296_CA_4,962.3891454934488,873.2812360226782,89.1079094707707,0.0,0.7125551307394494,0.8717948717948718,0.1282051282051282,11.195913282342028,62.0
pp_quantile_calibrated,FOODS_3_300_WI_2,3139.9732872375052,2495.070434584496,644.9028526530092,0.0,0.594400721601881,0.7307692307692307,0.2692307692307692,31.988082494673026,318.0
pp_quantile_calibrated,FOODS_3_302_CA_4,2229.900197152686,2128.6569817681266,101.24321538455938,0.0,0.9017056161314957,0.8974358974358975,0.10256410256410256,27.290474125232393,206.0
pp_quantile_calibrated,FOODS_3_309_CA_2,422.8846819849923,422.8846819849923,0.0,0.0,1.0,1.0,0.0,5.421598486987081,24.0
pp_quantile_calibrated,FOODS_3_309_WI_1,636.5925099750559,636.5925099750559,0.0,0.0,1.0,1.0,0.0,8.16144243557764,27.0
pp_quantile_calibrated,FOODS_3_316_TX_3,611.5394229818589,588.0251943116118,23.514228670247164,0.0,0.7955284463456769,0.9487179487179487,0.05128205128205128,7.538784542456562,23.0
pp_quantile_calibrated,FOODS_3_318_TX_2,5746.490944347919,5172.73953487729,573.7514094706296,0.0,0.7878922700663107,0.8076923076923077,0.19230769230769232,66.31717352406781,541.0
pp_quantile_calibrated,FOODS_3_331_TX_1,919.7828294349732,824.5869858191581,95.19584361581505,0.0,0.8802568004832515,0.9102564102564102,0.08974358974358974,10.57162802332254,159.0
pp_quantile_calibrated,FOODS_3_335_TX_1,3089.8027222474684,3089.8027222474684,0.0,0.0,1.0,1.0,0.0,39.61285541342908,5.0
pp_quantile_calibrated,FOODS_3_337_CA_1,601.8160925552958,601.8160925552958,0.0,0.0,1.0,1.0,0.0,7.715590930196099,41.0
pp_quantile_calibrated,FOODS_3_346_WI_3,1541.1002106825936,1405.6540856213728,135.44612506122067,0.0,0.8716150473353359,0.8846153846153846,0.11538461538461539,18.021206225915037,211.0
pp_quantile_calibrated,FOODS_3_352_CA_1,1128.1202231654452,1097.6626791286049,30.457544036840236,0.0,0.8615566180143625,0.9358974358974359,0.0641025641025641,14.072598450366728,44.0
pp_quantile_calibrated,FOODS_3_354_WI_2,751.7069446856059,720.2401103592513,31.46683432635463,0.0,0.8968300513890012,0.9358974358974359,0.0641025641025641,9.23384756870835,61.0
pp_quantile_calibrated,FOODS_3_356_CA_1,1997.7877935088663,1853.4841389972808,144.3036545115856,0.0,0.8196204318605179,0.8846153846153846,0.11538461538461539,23.762617166631806,160.0
pp_quantile_calibrated,FOODS_3_356_TX_2,946.0783424686261,898.6772135535487,47.40112891507749,0.0,0.9012476480935886,0.9487179487179487,0.05128205128205128,11.521502737866008,96.0
pp_quantile_calibrated,FOODS_3_363_WI_3,2820.976740371463,2487.6436314899156,333.3331088815475,0.0,0.7267761402610265,0.7948717948717948,0.20512820512820512,31.892867070383534,244.0
pp_quantile_calibrated,FOODS_3_365_TX_1,634.434741184406,634.434741184406,0.0,0.0,1.0,1.0,0.0,8.13377873313341,19.0
pp_quantile_calibrated,FOODS_3_367_TX_1,1544.0396192450548,1423.5918267040659,120.44779254098904,0.0,0.7638278577627667,0.8974358974358975,0.10256410256410256,18.25117726543674,102.0
pp_quantile_calibrated,FOODS_3_370_CA_1,2320.098083939896,2320.098083939896,0.0,0.0,1.0,1.0,0.0,29.744847229998665,41.0
pp_quantile_calibrated,FOODS_3_372_TX_3,2054.05370840695,1906.9510302593965,147.10267814755383,0.0,0.9213354662312548,0.9230769230769231,0.07692307692307693,24.448090131530723,374.0
pp_quantile_calibrated,FOODS_3_380_TX_3,504.3267020016349,484.4389524188446,19.887749582790292,0.0,0.8192022765200883,0.9615384615384616,0.038461538461538464,6.210755800241598,22.0
pp_quantile_calibrated,FOODS_3_384_TX_1,409.46381733129226,404.91838718332616,4.545430147966121,0.0,0.9586779077457624,0.9871794871794872,0.01282051282051282,5.191261374145207,22.0
pp_quantile_calibrated,FOODS_3_385_CA_4,773.0007044459605,758.4962265758573,14.504477870103187,0.0,0.938278817574029,0.9615384615384616,0.038461538461538464,9.724310597126376,47.0
pp_quantile_calibrated,FOODS_3_385_TX_3,574.2491525500665,573.8662192647838,0.3829332852826184,0.0,0.9983704966583719,0.9871794871794872,0.01282051282051282,7.357259221343382,47.0
pp_quantile_calibrated,FOODS_3_387_CA_2,1488.8930606851616,1474.8812994799487,14.011761205212991,0.0,0.943952955179148,0.9743589743589743,0.02564102564102564,18.90873460871729,50.0
pp_quantile_calibrated,FOODS_3_390_TX_2,1056.3557363207808,918.2748643437293,138.08087197705146,0.0,0.8121348680584334,0.7948717948717948,0.20512820512820512,11.772754671073452,147.0
pp_quantile_calibrated,FOODS_3_392_WI_2,919.8778237741604,842.3737790320575,77.50404474210293,0.0,0.821829782202062,0.9102564102564102,0.08974358974358974,10.799663833744328,87.0
pp_quantile_calibrated,FOODS_3_392_WI_3,676.9653719343947,594.2749077007159,82.69046423367888,0.0,0.7823935151745293,0.9102564102564102,0.08974358974358974,7.618909073086101,76.0
pp_quantile_calibrated,FOODS_3_393_CA_3,3736.827555838391,3357.799728708131,379.02782713026,0.0,0.8785167220736346,0.8589743589743589,0.14102564102564102,43.048714470617064,624.0
pp_quantile_calibrated,FOODS_3_398_WI_3,524.5938976167869,524.5938976167869,0.0,0.0,1.0,1.0,0.0,6.725562789958806,28.0
pp_quantile_calibrated,FOODS_3_403_TX_1,2540.229850835481,2310.5573185541025,229.67253228137844,0.0,0.8857350585664784,0.8717948717948718,0.1282051282051282,29.622529725052598,402.0
pp_quantile_calibrated,FOODS_3_405_TX_3,896.7502184179114,850.9711650470493,45.77905337086206,0.0,0.8448167682343658,0.9230769230769231,0.07692307692307693,10.909886731372428,59.0
pp_quantile_calibrated,FOODS_3_408_TX_2,553.4859288892395,553.4859288892395,0.0,0.0,1.0,1.0,0.0,7.0959734472979425,8.0
pp_quantile_calibrated,FOODS_3_416_CA_4,706.9243753641739,639.4516009225689,67.47277444160503,0.0,0.862300460323255,0.8589743589743589,0.14102564102564102,8.198097447725242,98.0
pp_quantile_calibrated,FOODS_3_416_WI_3,531.3661383748454,484.118110064667,47.24802831017833,0.0,0.8833382017032634,0.9102564102564102,0.08974358974358974,6.2066424367265,81.0
pp_quantile_calibrated,FOODS_3_417_CA_3,607.7297756618158,591.9344118148322,15.795363846983612,0.0,0.9561239893139345,0.9743589743589743,0.02564102564102564,7.588902715574771,72.0
pp_quantile_calibrated,FOODS_3_422_CA_1,1345.3183038943907,1338.7499942012096,6.568309693181149,0.0,0.9886753281152049,0.9871794871794872,0.01282051282051282,17.163461464118072,116.0
pp_quantile_calibrated,FOODS_3_423_WI_2,915.472086202351,828.3102936361353,87.16179256621575,0.0,0.7899715841777932,0.8846153846153846,0.11538461538461539,10.619362738924812,83.0
pp_quantile_calibrated,FOODS_3_425_CA_1,576.5840508624316,547.2242003757495,29.359850486682078,0.0,0.9110307561009634,0.9358974358974359,0.0641025641025641,7.015694876612174,66.0
pp_quantile_calibrated,FOODS_3_427_WI_3,1238.0988898739445,1238.0988898739445,0.0,0.0,1.0,1.0,0.0,15.873062690691595,17.0
pp_quantile_calibrated,FOODS_3_428_TX_3,276.39312074248255,251.21136230158447,25.18175844089808,0.0,0.790152012992516,0.9487179487179487,0.05128205128205128,3.220658491045955,24.0
pp_quantile_calibrated,FOODS_3_434_CA_1,1315.8772296574386,1205.4960407698243,110.38118888761439,0.0,0.8873661337881487,0.9102564102564102,0.08974358974358974,15.455077445766978,196.0
pp_quantile_calibrated,FOODS_3_434_WI_1,1357.6356270782665,1355.7974684213978,1.838158656868778,0.0,0.9948220882905103,0.9871794871794872,0.01282051282051282,17.382018825915356,71.0
pp_quantile_calibrated,FOODS_3_441_TX_2,22776.0,22776.0,0.0,0.0,1.0,1.0,0.0,292.0,0.0
pp_quantile_calibrated,FOODS_3_444_CA_4,10998.0,10998.0,0.0,0.0,1.0,1.0,0.0,141.0,0.0
pp_quantile_calibrated,FOODS_3_444_TX_2,42931.20000000006,42931.20000000006,0.0,0.0,1.0,1.0,0.0,550.4000000000008,0.0
pp_quantile_calibrated,FOODS_3_445_CA_3,1954.950416082174,1769.9529745351356,184.99744154703828,0.0,0.7040040935247387,0.9102564102564102,0.08974358974358974,22.691704801732506,125.0
pp_quantile_calibrated,FOODS_3_449_WI_1,952.0140502274728,857.018132920441,94.99591730703187,0.0,0.878986092602507,0.9102564102564102,0.08974358974358974,10.987411960518473,157.0
pp_quantile_calibrated,FOODS_3_451_CA_4,1514.744716090532,1410.302613060007,104.44210303052503,0.0,0.7679064377099445,0.8974358974358975,0.10256410256410256,18.08080273153855,90.0
pp_quantile_calibrated,FOODS_3_453_TX_2,383.4107114785273,383.4107114785273,0.0,0.0,1.0,1.0,0.0,4.915521942032401,12.0
pp_quantile_calibrated,FOODS_3_453_WI_2,348.6929969703817,348.6929969703817,0.0,0.0,1.0,1.0,0.0,4.470423038081817,32.0
pp_quantile_calibrated,FOODS_3_454_CA_1,6032.400000000012,6032.400000000012,0.0,0.0,1.0,1.0,0.0,77.3384615384617,1.0
pp_quantile_calibrated,FOODS_3_455_TX_1,7918.949707780994,6850.63916209302,1068.310545687974,0.0,0.7894954589777391,0.7948717948717948,0.20512820512820512,87.82870720632077,1015.0
pp_quantile_calibrated,FOODS_3_456_CA_4,473.05106476279354,473.05106476279354,0.0,0.0,1.0,1.0,0.0,6.064757240548635,30.0
pp_quantile_calibrated,FOODS_3_457_TX_3,537.2201897977554,528.1512146476573,9.068975150098124,0.0,0.879080331332025,0.9743589743589743,0.02564102564102564,6.771169418559709,15.0
pp_quantile_calibrated,FOODS_3_458_TX_1,2573.589053797315,2371.7828010482176,201.80625274909744,0.0,0.9152074568281103,0.8717948717948718,0.1282051282051282,30.407471808310483,476.0
pp_quantile_calibrated,FOODS_3_458_WI_1,2216.190757212054,1971.9560457529142,244.23471145914002,0.0,0.8571726833572281,0.8717948717948718,0.1282051282051282,25.281487766063,342.0
pp_quantile_calibrated,FOODS_3_464_TX_2,749.1983615853707,739.3926181916906,9.805743393680011,0.0,0.9367371393956129,0.9871794871794872,0.01282051282051282,9.479392540919111,31.0
pp_quantile_calibrated,FOODS_3_465_CA_3,659.1678446651865,647.2540897851765,11.913754880010083,0.0,0.9513724290611834,0.9615384615384616,0.038461538461538464,8.298129356220212,49.0
pp_quantile_calibrated,FOODS_3_465_TX_2,613.3408533582017,613.3408533582017,0.0,0.0,1.0,1.0,0.0,7.863344273823098,27.0
pp_quantile_calibrated,FOODS_3_465_WI_3,793.1763756964881,726.2571117569989,66.91926393948916,0.0,0.7841314066468091,0.9102564102564102,0.08974358974358974,9.310988612269217,62.0
pp_quantile_calibrated,FOODS_3_468_TX_2,1732.357340287255,1703.428900450364,28.92843983689108,0.0,0.9651464580278422,0.9743589743589743,0.02564102564102564,21.83883205705595,166.0
pp_quantile_calibrated,FOODS_3_471_WI_3,611.0246229476907,595.9186868545067,15.10593609318395,0.0,0.9328625062525158,0.9615384615384616,0.038461538461538464,7.639983164801369,45.0
pp_quantile_calibrated,FOODS_3_472_CA_1,450.7655615457315,411.03070384433255,39.73485770139894,0.0,0.796231498967185,0.8717948717948718,0.1282051282051282,5.269624408260674,39.0
pp_quantile_calibrated,FOODS_3_474_CA_1,1576.4244514721781,1075.8839587152404,500.54049275693774,0.0,0.6821965125352776,0.7692307692307693,0.23076923076923078,13.793384086092825,315.0
pp_quantile_calibrated,FOODS_3_476_TX_3,1593.528025471057,1416.1164845514188,177.4115409196382,0.0,0.8630026711045263,0.8333333333333334,0.16666666666666666,18.15533954553101,259.0
pp_quantile_calibrated,FOODS_3_479_CA_3,1987.961258575382,1926.6646272265518,61.29663134883028,0.0,0.9233792108139621,0.9230769230769231,0.07692307692307693,24.70082855418656,160.0
pp_quantile_calibrated,FOODS_3_479_TX_2,1605.6208725545991,1537.05568145827,68.5651910963291,0.0,0.8797101910590717,0.9358974358974359,0.0641025641025641,19.705842069977823,114.0
pp_quantile_calibrated,FOODS_3_479_TX_3,1008.369560637817,974.6387054203924,33.73085521742457,0.0,0.9318568581466171,0.9615384615384616,0.038461538461538464,12.49536801821016,99.0
pp_quantile_calibrated,FOODS_3_481_TX_2,482.75162677294566,477.7239400763732,5.02768669657244,0.0,0.9685769581464223,0.9743589743589743,0.02564102564102564,6.124665898415041,32.0
pp_quantile_calibrated,FOODS_3_498_TX_1,4248.491708979234,3906.90138238405,341.59032659518465,0.0,0.7878320952824941,0.9871794871794872,0.01282051282051282,50.08847926133397,322.0
pp_quantile_calibrated,FOODS_3_499_TX_1,4228.805971022499,3717.819396816232,510.98657420626694,0.0,0.8767221775135665,0.8589743589743589,0.14102564102564102,47.66435124123374,829.0
pp_quantile_calibrated,FOODS_3_502_TX_2,1103.506077027212,839.5928835979595,263.9131934292527,0.0,0.747451489541385,0.7692307692307693,0.23076923076923078,10.764011328178968,209.0
pp_quantile_calibrated,FOODS_3_511_CA_1,8469.441761919255,7610.735881990338,858.705879928917,0.0,0.9062548166016468,0.9102564102564102,0.08974358974358974,97.57353694859408,1832.0
pp_quantile_calibrated,FOODS_3_511_WI_2,5631.501844525194,4593.297436243566,1038.2044082816285,0.0,0.717110515454597,0.7564102564102564,0.24358974358974358,58.88842866978931,734.0
pp_quantile_calibrated,FOODS_3_512_CA_1,551.9932781853652,551.9932781853652,0.0,0.0,1.0,1.0,0.0,7.076836899812374,12.0
pp_quantile_calibrated,FOODS_3_513_CA_1,830.3201655396285,728.2892894805674,102.03087605906117,0.0,0.8510498159721734,0.8974358974358975,0.10256410256410256,9.337042172827788,137.0
pp_quantile_calibrated,FOODS_3_514_CA_2,1273.8998280910737,1036.954271050427,236.9455570406467,0.0,0.7855696316374238,0.8333333333333334,0.16666666666666666,13.294285526287526,221.0
pp_quantile_calibrated,FOODS_3_515_CA_1,1847.589857652325,1623.1070776326321,224.482780019693,0.0,0.7637023368213758,0.782051282051282,0.21794871794871795,20.80906509785426,190.0
pp_quantile_calibrated,FOODS_3_517_TX_1,509.19930807490397,507.0390451600903,2.1602629148136465,0.0,0.974585142178663,0.9871794871794872,0.01282051282051282,6.500500578975517,17.0
pp_quantile_calibrated,FOODS_3_517_TX_3,335.2920617796831,335.2920617796831,0.0,0.0,1.0,1.0,0.0,4.298616176662604,17.0
pp_quantile_calibrated,FOODS_3_525_CA_4,2018.0,2018.0,0.0,0.0,1.0,1.0,0.0,25.871794871794872,39.0
pp_quantile_calibrated,FOODS_3_531_CA_3,619.7511802299111,585.751968530348,33.99921169956319,0.0,0.8807045203524098,0.9487179487179487,0.05128205128205128,7.509640622183949,57.0
pp_quantile_calibrated,FOODS_3_532_TX_3,1377.7361216419765,1295.0417815540466,82.69434008792992,0.0,0.886720082071329,0.8846153846153846,0.11538461538461539,16.603099763513416,146.0
pp_quantile_calibrated,FOODS_3_532_WI_1,2578.623555114342,2322.3824657088458,256.24108940549604,0.0,0.8918813968753181,0.8717948717948718,0.1282051282051282,29.774134175754433,474.0
pp_quantile_calibrated,FOODS_3_533_TX_3,930.3976927942422,921.0004673903902,9.397225403851976,0.0,0.98291413562936,0.9871794871794872,0.01282051282051282,11.807698299876797,110.0
pp_quantile_calibrated,FOODS_3_533_WI_3,1493.3710859674154,1379.5395857830697,113.83150018434566,0.0,0.874910439357862,0.8846153846153846,0.11538461538461539,17.68640494593679,182.0
pp_quantile_calibrated,FOODS_3_538_WI_1,1664.1221743503804,1517.191387160292,146.93078719008852,0.0,0.8066700168551467,0.8717948717948718,0.1282051282051282,19.451171630260152,152.0
pp_quantile_calibrated,FOODS_3_544_TX_2,582.8584534256621,562.261423347844,20.59703007781807,0.0,0.9301795590582439,0.9487179487179487,0.05128205128205128,7.2084797865108206,59.0
pp_quantile_calibrated,FOODS_3_545_CA_2,711.2225402921277,701.5679931978497,9.654547094278083,0.0,0.9529046483205946,0.9871794871794872,0.01282051282051282,8.994461451254482,41.0
pp_quantile_calibrated,FOODS_3_546_CA_1,5610.634493768202,5218.813655685149,391.8208380830539,0.0,0.7535717999477647,0.8333333333333334,0.16666666666666666,66.90786738057884,318.0
pp_quantile_calibrated,FOODS_3_546_CA_3,2268.7318323962977,2029.4408312161845,239.29100118011334,0.0,0.8466083325768503,0.8717948717948718,0.1282051282051282,26.018472195079287,312.0
pp_quantile_calibrated,FOODS_3_550_TX_1,396.83704811597033,393.0688211877807,3.7682269281896064,0.0,0.9461681867401486,0.9871794871794872,0.01282051282051282,5.039343861381804,14.0
pp_quantile_calibrated,FOODS_3_555_CA_3,10871.93722389873,9563.752900169527,1308.1843237292037,0.0,0.8845380120274313,0.8717948717948718,0.1282051282051282,122.61221666884009,2266.0
pp_quantile_calibrated,FOODS_3_558_CA_4,702.0,702.0,0.0,0.0,1.0,1.0,0.0,9.0,0.0
pp_quantile_calibrated,FOODS_3_563_WI_1,2408.167517889947,2408.167517889947,0.0,0.0,1.0,1.0,0.0,30.8739425370506,11.0
pp_quantile_calibrated,FOODS_3_573_WI_2,2144.3780984920354,2120.422117514681,23.95598097735448,0.0,0.9688883363930462,0.9871794871794872,0.01282051282051282,27.18489894249591,154.0
pp_quantile_calibrated,FOODS_3_575_CA_1,660.7045548059896,640.7587678029402,19.94578700304947,0.0,0.9232854346036559,0.9615384615384616,0.038461538461538464,8.214855997473592,52.0
pp_quantile_calibrated,FOODS_3_575_WI_1,493.8807235383572,467.1456299316046,26.73509360675257,0.0,0.8726900304440354,0.9487179487179487,0.05128205128205128,5.989046537584675,42.0
pp_quantile_calibrated,FOODS_3_575_WI_2,445.91071212782725,441.2580321767139,4.652679951113301,0.0,0.9767366002444335,0.9871794871794872,0.01282051282051282,5.65715425867582,40.0
pp_quantile_calibrated,FOODS_3_578_WI_1,8935.5208871503,8935.5208871503,0.0,0.0,1.0,1.0,0.0,114.55796009167051,0.0
pp_quantile_calibrated,FOODS_3_580_CA_1,3232.4010565676876,3037.000117163282,195.40093940440542,0.0,0.8623937046447848,0.8846153846153846,0.11538461538461539,38.93589893799079,284.0
pp_quantile_calibrated,FOODS_3_580_CA_3,7280.5935555638025,7058.339076745372,222.25447881843053,0.0,0.9222886437697796,0.8974358974358975,0.10256410256410256,90.49152662494066,572.0
pp_quantile_calibrated,FOODS_3_582_CA_1,592.3657589832203,461.6656338746626,130.70012510855776,0.0,0.6039390148225523,0.8333333333333334,0.16666666666666666,5.91879017788029,66.0
pp_quantile_calibrated,FOODS_3_585_WI_1,467.6849986636337,419.4654715981602,48.219527065473464,0.0,0.807121891738106,0.8974358974358975,0.10256410256410256,5.3777624563866695,50.0
pp_quantile_calibrated,FOODS_3_588_WI_3,903.4506883227028,895.3508489235577,8.099839399145168,0.0,0.9821981551667139,0.9871794871794872,0.01282051282051282,11.478857037481509,91.0
pp_quantile_calibrated,FOODS_3_596_WI_1,1138.831831005987,1008.6632793260862,130.1685516799007,0.0,0.8362659727296846,0.8461538461538461,0.15384615384615385,12.931580504180593,159.0
pp_quantile_calibrated,FOODS_3_599_TX_3,1920.6076321112548,1920.6076321112548,0.0,0.0,1.0,1.0,0.0,24.623174770657112,2.0
pp_quantile_calibrated,FOODS_3_605_WI_3,1284.8035839526508,1259.8035839526508,25.0,0.0,0.868421052631579,0.9487179487179487,0.05128205128205128,16.151327999392958,38.0
pp_quantile_calibrated,FOODS_3_606_TX_3,693.3458194858653,637.6496108708012,55.69620861506401,0.0,0.8286270504151877,0.9230769230769231,0.07692307692307693,8.174995011164118,65.0
pp_quantile_calibrated,FOODS_3_608_CA_3,1105.9981212668456,1102.6477415499571,3.3503797168883764,0.0,0.9868612560122024,0.9871794871794872,0.01282051282051282,14.136509507050732,51.0
pp_quantile_calibrated,FOODS_3_610_TX_1,882.9002388943351,882.9002388943351,0.0,0.0,1.0,1.0,0.0,11.319233831978655,16.0
pp_quantile_calibrated,FOODS_3_615_CA_4,776.983558656637,736.2350790006244,40.74847965601258,0.0,0.9133011071148667,0.9230769230769231,0.07692307692307693,9.438911269238774,94.0
pp_quantile_calibrated,FOODS_3_618_WI_3,3109.5048479211227,2617.5048479211237,491.9999999999993,0.0,0.4377142857142865,0.8461538461538461,0.15384615384615385,33.55775446052723,175.0
pp_quantile_calibrated,FOODS_3_625_TX_1,423.0795513564338,423.0795513564338,0.0,0.0,1.0,1.0,0.0,5.424096812261972,4.0
pp_quantile_calibrated,FOODS_3_626_WI_1,532.8917571807128,532.8917571807128,0.0,0.0,1.0,1.0,0.0,6.831945604880934,19.0
pp_quantile_calibrated,FOODS_3_626_WI_2,733.6674359726237,720.6674359726239,12.99999999999983,0.0,0.8700000000000017,0.9743589743589743,0.02564102564102564,9.239326102213127,20.0
pp_quantile_calibrated,FOODS_3_628_WI_1,2592.8698559466625,2232.23306310197,360.63679284469237,0.0,0.7820925722992795,0.8205128205128205,0.1794871794871795,28.61837260387141,331.0
pp_quantile_calibrated,FOODS_3_633_WI_1,1451.617675458822,1446.9882207952974,4.62945466352469,0.0,0.9855329541764853,0.9871794871794872,0.01282051282051282,18.551131035837145,64.0
pp_quantile_calibrated,FOODS_3_634_CA_4,2486.9902217820286,2251.927036142236,235.06318563979264,0.0,0.7928958716830021,0.8589743589743589,0.14102564102564102,28.870859437720974,227.0
pp_quantile_calibrated,FOODS_3_638_TX_3,794.8034422970546,779.2478000220297,15.55564227502499,0.0,0.9401706066345192,0.9615384615384616,0.038461538461538464,9.990356410538842,52.0
pp_quantile_calibrated,FOODS_3_640_WI_2,1231.574570802432,1231.574570802432,0.0,0.0,1.0,1.0,0.0,15.789417574390153,82.0
pp_quantile_calibrated,FOODS_3_642_TX_3,926.6488731318367,915.7333713837766,10.915501748060148,0.0,0.9616999938664555,0.9743589743589743,0.02564102564102564,11.740171427997135,57.0
pp_quantile_calibrated,FOODS_3_644_WI_2,839.7587433749127,839.7587433749127,0.0,0.0,1.0,1.0,0.0,10.766137735575803,10.0
pp_quantile_calibrated,FOODS_3_646_CA_2,1873.3634714814289,1787.3025906171442,86.06088086428466,0.0,0.7131303971190512,0.8974358974358975,0.10256410256410256,22.914135777142874,60.0
pp_quantile_calibrated,FOODS_3_646_WI_3,1788.6965029315306,1723.6965029315306,65.0,0.0,0.8505747126436781,0.9230769230769231,0.07692307692307693,22.098673114506802,87.0
pp_quantile_calibrated,FOODS_3_651_CA_2,1357.9270513170875,1248.0560596326893,109.87099168439826,0.0,0.9242269022866217,0.8974358974358975,0.10256410256410256,16.000718713239607,290.0
pp_quantile_calibrated,FOODS_3_657_CA_4,1088.4509342754386,1085.7998356165876,2.651098658850941,0.0,0.988953755588121,0.9871794871794872,0.01282051282051282,13.920510713033176,48.0
pp_quantile_calibrated,FOODS_3_658_WI_1,995.1409607935826,913.8944867887436,81.246474004839,0.0,0.7833427359870959,0.8974358974358975,0.10256410256410256,11.716595984471072,75.0
pp_quantile_calibrated,FOODS_3_658_WI_3,592.3531311259655,590.099802390779,2.253328735186475,0.0,0.988140375077966,0.9871794871794872,0.01282051282051282,7.565382081933064,38.0
pp_quantile_calibrated,FOODS_3_662_WI_2,483.0756509858947,483.0756509858947,0.0,0.0,1.0,1.0,0.0,6.19327757674224,11.0
pp_quantile_calibrated,FOODS_3_663_CA_1,4524.0,4524.0,0.0,0.0,1.0,1.0,0.0,58.0,0.0
pp_quantile_calibrated,FOODS_3_663_TX_2,739.41038061351,646.1296676496997,93.28071296381025,0.0,0.7779030643718803,0.8461538461538461,0.15384615384615385,8.283713687816663,84.0
pp_quantile_calibrated,FOODS_3_667_TX_3,480.8542224103337,475.96293802396644,4.891284386367278,0.0,0.924749470978965,0.9871794871794872,0.01282051282051282,6.102088949025211,13.0
pp_quantile_calibrated,FOODS_3_668_WI_3,3643.398770629813,3116.7398930618415,526.6588775679717,0.0,0.8549149097608892,0.8717948717948718,0.1282051282051282,39.958203757203094,726.0
pp_quantile_calibrated,FOODS_3_669_TX_1,4706.599403636635,4632.710183434764,73.88922020187093,0.0,0.9155551769121475,0.9102564102564102,0.08974358974358974,59.39372030044569,175.0
pp_quantile_calibrated,FOODS_3_670_CA_4,859.0329799968661,859.0329799968661,0.0,0.0,1.0,1.0,0.0,11.013243333293154,21.0
pp_quantile_calibrated,FOODS_3_672_TX_2,5628.663165125163,4568.137931847112,1060.525233278051,0.0,0.7328651805344961,0.7435897435897436,0.2564102564102564,58.56587092111682,794.0
pp_quantile_calibrated,FOODS_3_677_WI_2,678.4217020082846,674.2577077642732,4.163994244011455,0.0,0.9890421204104961,0.9871794871794872,0.01282051282051282,8.644329586721451,76.0
pp_quantile_calibrated,FOODS_3_691_WI_1,584.3587876047211,584.3587876047211,0.0,0.0,1.0,1.0,0.0,7.491779328265655,31.0
pp_quantile_calibrated,FOODS_3_693_WI_2,533.529784242959,533.529784242959,0.0,0.0,1.0,1.0,0.0,6.8401254390122945,7.0
pp_quantile_calibrated,FOODS_3_694_WI_3,19290.89259075809,16712.34950260215,2578.543088155941,0.0,0.8557458412220452,0.8717948717948718,0.1282051282051282,214.2608910590019,3575.0
pp_quantile_calibrated,FOODS_3_705_TX_2,580.4962775924549,570.030215906606,10.466061685848853,0.0,0.9554635672942601,0.9615384615384616,0.038461538461538464,7.308079691110334,47.0
pp_quantile_calibrated,FOODS_3_711_CA_3,11683.3751217499,10836.424166255905,846.9509554939939,0.0,0.8404988784380425,0.8333333333333334,0.16666666666666666,138.92851495199878,1062.0
pp_quantile_calibrated,FOODS_3_712_CA_3,1634.7483733807203,1469.7775919077499,164.97078147297037,0.0,0.8012400223217225,0.8846153846153846,0.11538461538461539,18.84330246035577,166.0
pp_quantile_calibrated,FOODS_3_718_TX_1,1253.2233282885168,1253.2233282885168,0.0,0.0,1.0,1.0,0.0,16.066965747288677,6.0
pp_quantile_calibrated,FOODS_3_723_WI_3,11336.04720670152,9117.667550786455,2218.379655915065,0.0,0.8130316345625735,0.8205128205128205,0.1794871794871795,116.89317372803147,2373.0
pp_quantile_calibrated,FOODS_3_727_WI_3,1797.2961345446483,1547.8640695730662,249.43206497158207,0.0,0.8273826539989052,0.8205128205128205,0.1794871794871795,19.844411148372643,289.0
pp_quantile_calibrated,FOODS_3_730_CA_3,746.3288266962064,715.6865170524178,30.642309643788614,0.0,0.9380963441539624,0.9615384615384616,0.038461538461538464,9.175468167338689,99.0
pp_quantile_calibrated,FOODS_3_734_TX_1,4629.543143282349,4599.015171180403,30.527972101945835,0.0,0.9881444768536133,0.9871794871794872,0.01282051282051282,58.96173296385132,515.0
pp_quantile_calibrated,FOODS_3_735_CA_4,523.5315432891587,523.5315432891587,0.0,0.0,1.0,1.0,0.0,6.711942862681521,28.0
pp_quantile_calibrated,FOODS_3_745_TX_3,900.8525604325147,900.8525604325147,0.0,0.0,1.0,1.0,0.0,11.549391800416855,0.0
pp_quantile_calibrated,FOODS_3_746_CA_4,1131.793578251017,1025.6659564184383,106.1276218325785,0.0,0.8729010516975109,0.8589743589743589,0.14102564102564102,13.149563543826133,167.0
pp_quantile_calibrated,FOODS_3_749_CA_1,2632.9252002230996,2612.9252002230996,20.0,0.0,0.9436619718309859,0.9871794871794872,0.01282051282051282,33.499041028501274,71.0
pp_quantile_calibrated,FOODS_3_750_CA_2,2342.0,2192.0,150.0,0.0,0.5588235294117647,0.8589743589743589,0.14102564102564102,28.102564102564102,68.0
pp_quantile_calibrated,FOODS_3_753_TX_2,1482.4468477138525,1419.2832622789085,63.16358543494413,0.0,0.9389723812222763,0.9358974358974359,0.0641025641025641,18.195939259986005,207.0
pp_quantile_calibrated,FOODS_3_755_TX_3,1459.5590100693673,1431.9281418262142,27.63086824315323,0.0,0.946863714917013,0.9743589743589743,0.02564102564102564,18.35805310033608,104.0
pp_quantile_calibrated,FOODS_3_756_WI_3,3448.481709727297,3049.651749812678,398.8299599146191,0.0,0.8454147442191399,0.8461538461538461,0.15384615384615385,39.098099356572796,516.0
pp_quantile_calibrated,FOODS_3_757_CA_3,16555.0,16520.0,35.0,0.0,0.9761092150170648,0.9871794871794872,0.01282051282051282,211.7948717948718,293.0
pp_quantile_calibrated,FOODS_3_763_TX_2,483.89856238737264,483.89856238737264,0.0,0.0,1.0,1.0,0.0,6.203827722915034,10.0
pp_quantile_calibrated,FOODS_3_766_TX_3,361.6702124086403,353.7277364523084,7.9424759563318625,0.0,0.9065591063960958,0.9743589743589743,0.02564102564102564,4.534970980157801,17.0
pp_quantile_calibrated,FOODS_3_768_CA_2,1153.2215779569972,1016.1154060623267,137.10617189467052,0.0,0.8327973513479627,0.8717948717948718,0.1282051282051282,13.02712059054265,164.0
pp_quantile_calibrated,FOODS_3_770_WI_3,643.6093895556143,643.6093895556143,0.0,0.0,1.0,1.0,0.0,8.251402430200184,47.0
pp_quantile_calibrated,FOODS_3_774_WI_2,680.6274452523174,666.8978741584308,13.729571093886683,0.0,0.9439609343106666,0.9487179487179487,0.05128205128205128,8.549972745620908,49.0
pp_quantile_calibrated,FOODS_3_779_CA_1,917.2652027381088,917.2652027381088,0.0,0.0,1.0,1.0,0.0,11.759810291514215,27.0
pp_quantile_calibrated,FOODS_3_783_CA_1,2571.85119380929,2353.0637084129435,218.78748539634677,0.0,0.8657745488365971,0.8846153846153846,0.11538461538461539,30.16748344119158,326.0
pp_quantile_calibrated,FOODS_3_783_TX_3,12544.19999999998,12544.19999999998,0.0,0.0,1.0,1.0,0.0,160.82307692307668,96.0
pp_quantile_calibrated,FOODS_3_786_CA_2,769.9475025839015,671.6280730740287,98.31942950987279,0.0,0.7230438605355697,0.8717948717948718,0.1282051282051282,8.610616321461906,71.0
pp_quantile_calibrated,FOODS_3_788_WI_2,2335.0717835742544,2159.8070558936465,175.26472768060768,0.0,0.7631557734045842,0.8717948717948718,0.1282051282051282,27.689834049918545,148.0
pp_quantile_calibrated,FOODS_3_791_CA_4,675.6920119353658,675.0067236881123,0.6852882472534816,0.0,0.9974140066141378,0.9871794871794872,0.01282051282051282,8.6539323549758,53.0
pp_quantile_calibrated,FOODS_3_791_WI_2,1723.1753948788516,1723.1753948788516,0.0,0.0,1.0,1.0,0.0,22.09199224203656,37.0
pp_quantile_calibrated,FOODS_3_792_CA_1,1189.058733462153,1091.5580321580944,97.50070130405867,0.0,0.8788811163924736,0.8974358974358975,0.10256410256410256,13.994333745616595,161.0
pp_quantile_calibrated,FOODS_3_793_WI_1,1509.7004641746466,1344.408663655675,165.2918005189718,0.0,0.8517562327184109,0.9102564102564102,0.08974358974358974,17.236008508406087,223.0
pp_quantile_calibrated,FOODS_3_795_WI_2,1661.0830515521195,1577.3338308177972,83.74922073432224,0.0,0.9401791280469126,0.9102564102564102,0.08974358974358974,20.22222860022817,280.0
pp_quantile_calibrated,FOODS_3_799_TX_1,405.4154508102126,405.4154508102126,0.0,0.0,1.0,1.0,0.0,5.197633984746315,6.0
pp_quantile_calibrated,FOODS_3_802_WI_3,510.74507006987704,510.14660141197083,0.5984686579062259,0.0,0.9960102089472919,0.9871794871794872,0.01282051282051282,6.540341043743216,30.0
pp_quantile_calibrated,FOODS_3_805_TX_1,1039.812024675474,961.17057644321,78.64144823226403,0.0,0.8689309196128934,0.9102564102564102,0.08974358974358974,12.322699697989872,120.0
pp_quantile_calibrated,FOODS_3_806_CA_1,916.2003590232242,916.2003590232242,0.0,0.0,1.0,1.0,0.0,11.746158449015695,21.0
pp_quantile_calibrated,FOODS_3_806_CA_4,609.379387947244,609.379387947244,0.0,0.0,1.0,1.0,0.0,7.812556255733898,10.0
pp_quantile_calibrated,FOODS_3_809_CA_1,1640.7555716482361,1447.1392623247316,193.61630932350448,0.0,0.7906850710016168,0.8205128205128205,0.1794871794871795,18.553067465701687,185.0
pp_quantile_calibrated,FOODS_3_810_WI_2,1860.5134063723967,1852.8447549086036,7.668651463793221,0.0,0.9666580371139425,0.9743589743589743,0.02564102564102564,23.754419934725686,46.0
pp_quantile_calibrated,FOODS_3_813_TX_1,529.988735214924,494.2716294317539,35.717105783169984,0.0,0.7354288460505928,0.9102564102564102,0.08974358974358974,6.336815761945563,27.0
pp_quantile_calibrated,FOODS_3_814_CA_3,1352.8883888218338,1264.6481733058442,88.24021551598953,0.0,0.9139119848624492,0.9102564102564102,0.08974358974358974,16.213438119305696,205.0
pp_quantile_calibrated,FOODS_3_818_CA_3,3373.901531051015,3200.0744033575306,173.8271276934843,0.0,0.9128686076724388,0.9230769230769231,0.07692307692307693,41.02659491484014,399.0
pp_quantile_calibrated,FOODS_3_821_TX_2,363.3724299648969,359.8854103449576,3.4870196199393177,0.0,0.9865883860771565,0.9743589743589743,0.02564102564102564,4.613915517243046,52.0
pp_quantile_calibrated,FOODS_3_824_TX_3,214.78282564379856,205.37243364711665,9.410391996681897,0.0,0.6235843201327241,0.9743589743589743,0.02564102564102564,2.6329799185527776,5.0
pp_quantile_calibrated,HOBBIES_1_004_WI_3,1941.707595774694,1913.4401012639937,28.267494510700395,0.0,0.9578097096855217,0.9871794871794872,0.01282051282051282,24.53128334953838,134.0
pp_quantile_calibrated,HOBBIES_1_005_WI_1,651.8986564125745,648.6303863729026,3.268270039671801,0.0,0.9897866561260256,0.9871794871794872,0.01282051282051282,8.315774184267983,64.0
pp_quantile_calibrated,HOBBIES_1_009_CA_1,1097.4457598211811,1085.96863973177,11.477120089411184,0.0,0.9180205707899202,0.9615384615384616,0.038461538461538464,13.922674868356026,28.0
pp_quantile_calibrated,HOBBIES_1_009_CA_4,2360.1131379401936,2360.1131379401936,0.0,0.0,1.0,1.0,0.0,30.257860742822995,136.0
pp_quantile_calibrated,HOBBIES_1_010_CA_3,448.95157798739905,412.49167553277937,36.45990245461968,0.0,0.8541603901815213,0.9358974358974359,0.0641025641025641,5.288354814522813,50.0
pp_quantile_calibrated,HOBBIES_1_012_TX_2,226.88836514632223,222.4634801565363,4.424884989785944,0.0,0.9557511501021405,0.9743589743589743,0.02564102564102564,2.852095899442773,20.0
pp_quantile_calibrated,HOBBIES_1_023_CA_3,828.4232704235726,674.7388846067406,153.68438581683193,0.0,0.7804508774045258,0.8461538461538461,0.15384615384615385,8.650498520599239,140.0
pp_quantile_calibrated,HOBBIES_1_026_CA_4,524.951868450312,486.88568419171776,38.066184258594205,0.0,0.8709620872590027,0.9230769230769231,0.07692307692307693,6.242124156304074,59.0
pp_quantile_calibrated,HOBBIES_1_027_CA_1,533.3032742193332,533.3032742193332,0.0,0.0,1.0,1.0,0.0,6.837221464350425,34.0
pp_quantile_calibrated,HOBBIES_1_028_WI_3,265.2949001092866,236.75729742203464,28.537602687251912,0.0,0.7716991785019846,0.9358974358974359,0.0641025641025641,3.035349966949162,25.0
pp_quantile_calibrated,HOBBIES_1_029_WI_3,278.917654531738,265.2526993677085,13.664955164029514,0.0,0.8178005978129399,0.9615384615384616,0.038461538461538464,3.4006756329193397,15.0
pp_quantile_calibrated,HOBBIES_1_030_WI_2,1112.0166722084061,1091.6159073818246,20.400764826581614,0.0,0.9546649670520407,0.9871794871794872,0.01282051282051282,13.995075735664418,90.0
pp_quantile_calibrated,HOBBIES_1_032_CA_2,6724.515239291135,6253.230460081779,471.2847792093558,0.0,0.8304731010038289,0.9358974358974359,0.0641025641025641,80.16962128309973,556.0
pp_quantile_calibrated,HOBBIES_1_043_TX_2,763.4439147855915,763.4439147855915,0.0,0.0,1.0,1.0,0.0,9.787742497251173,86.0
pp_quantile_calibrated,HOBBIES_1_043_WI_3,2016.9981903737694,1910.8408331553187,106.15735721845077,0.0,0.886462719552459,0.9230769230769231,0.07692307692307693,24.497959399427163,187.0
pp_quantile_calibrated,HOBBIES_1_045_CA_4,491.88194183352425,472.60842214612387,19.273519687400352,0.0,0.7246640044657092,0.9615384615384616,0.038461538461538464,6.059082335206717,14.0
pp_quantile_calibrated,HOBBIES_1_050_TX_3,263.9012955807249,209.53194135240926,54.36935422831563,0.0,0.741098313198497,0.8589743589743589,0.14102564102564102,2.6863069404155033,42.0
pp_quantile_calibrated,HOBBIES_1_054_CA_4,110.1409133669654,110.1409133669654,0.0,0.0,1.0,1.0,0.0,1.4120629918841718,13.0
pp_quantile_calibrated,HOBBIES_1_057_WI_1,911.1378519717454,881.2353867693071,29.90246520243824,0.0,0.9120515729340052,0.9615384615384616,0.038461538461538464,11.297889573965476,68.0
pp_quantile_calibrated,HOBBIES_1_061_CA_4,278.3907774949896,273.22380706922434,5.166970425765278,0.0,0.8966605914846945,0.9871794871794872,0.01282051282051282,3.502869321400312,10.0
pp_quantile_calibrated,HOBBIES_1_065_CA_4,152.73839862525136,152.64329839145014,0.0951002338012108,0.0,0.9972828504628225,0.9871794871794872,0.01282051282051282,1.9569653639929505,7.0
pp_quantile_calibrated,HOBBIES_1_070_WI_2,161.00123930052203,157.00326291315233,3.997976387369717,0.0,0.9200404722526055,0.9871794871794872,0.01282051282051282,2.0128623450404146,10.0
pp_quantile_calibrated,HOBBIES_1_073_CA_2,527.3162118003833,469.1811836302906,58.13502817009262,0.0,0.7960174450172189,0.9230769230769231,0.07692307692307693,6.0151433798755205,57.0
pp_quantile_calibrated,HOBBIES_1_074_TX_2,455.89003171538434,439.9059617076524,15.984070007731912,0.0,0.9536693622964292,0.9743589743589743,0.02564102564102564,5.639820021892979,69.0
pp_quantile_calibrated,HOBBIES_1_086_CA_3,993.2915388213579,877.7826711481279,115.50886767323004,0.0,0.7918759141022882,0.8461538461538461,0.15384615384615385,11.253623989078562,111.0
pp_quantile_calibrated,HOBBIES_1_092_CA_3,297.26898699249443,280.5619907046851,16.70699628780932,0.0,0.89874547704358,0.9487179487179487,0.05128205128205128,3.596948598778014,33.0
pp_quantile_calibrated,HOBBIES_1_092_TX_1,457.82713845214244,438.5275715863787,19.299566865763698,0.0,0.866899538856802,0.9487179487179487,0.05128205128205128,5.6221483536715215,29.0
pp_quantile_calibrated,HOBBIES_1_103_CA_2,3068.834146696464,2943.0045027583024,125.82964393816148,0.0,0.9278913215254089,0.9102564102564102,0.08974358974358974,37.73082695843977,349.0
pp_quantile_calibrated,HOBBIES_1_106_TX_3,531.2248930781383,531.2248930781383,0.0,0.0,1.0,1.0,0.0,6.810575552283824,31.0
pp_quantile_calibrated,HOBBIES_1_106_WI_3,276.1158065293275,276.1158065293275,0.0,0.0,1.0,1.0,0.0,3.53994623755548,11.0
pp_quantile_calibrated,HOBBIES_1_107_WI_2,753.9952707076969,687.3834689056841,66.61180180201283,0.0,0.7335527927919486,0.8974358974358975,0.10256410256410256,8.812608575713899,50.0
pp_quantile_calibrated,HOBBIES_1_108_CA_3,730.4856288171102,654.6712936125125,75.81433520459771,0.0,0.7667251224473917,0.9102564102564102,0.08974358974358974,8.39322171298093,65.0
pp_quantile_calibrated,HOBBIES_1_109_CA_3,1216.0,1201.0,15.0,0.0,0.9117647058823529,0.9615384615384616,0.038461538461538464,15.397435897435898,34.0
pp_quantile_calibrated,HOBBIES_1_110_CA_3,385.1167468375837,366.36069446960903,18.75605236797469,0.0,0.8213709298288124,0.9615384615384616,0.038461538461538464,4.696931980379603,21.0
pp_quantile_calibrated,HOBBIES_1_110_WI_3,154.33617407778826,150.41990525909088,3.9162688186973726,0.0,0.9347288530217105,0.9871794871794872,0.01282051282051282,1.9284603238344984,12.0
pp_quantile_calibrated,HOBBIES_1_113_TX_2,350.10763765097056,332.6075242203956,17.50011343057494,0.0,0.8333322530421434,0.9615384615384616,0.038461538461538464,4.26419902846661,21.0
pp_quantile_calibrated,HOBBIES_1_116_CA_1,420.199043158428,365.63642941262606,54.56261374580195,0.0,0.7772954540987675,0.8589743589743589,0.14102564102564102,4.6876465309311035,49.0
pp_quantile_calibrated,HOBBIES_1_116_WI_3,244.4796473610647,236.616098406527,7.863548954537709,0.0,0.8570263826447689,0.9743589743589743,0.02564102564102564,3.0335397231606023,11.0
pp_quantile_calibrated,HOBBIES_1_117_CA_1,356.48208169494166,333.4026686526688,23.07941304227284,0.0,0.7570588100813386,0.9102564102564102,0.08974358974358974,4.274393187854728,19.0
pp_quantile_calibrated,HOBBIES_1_122_WI_3,564.303273465778,564.303273465778,0.0,0.0,1.0,1.0,0.0,7.234657352125359,8.0
pp_quantile_calibrated,HOBBIES_1_124_TX_3,523.3612760450106,508.53874256765044,14.822533477360214,0.0,0.8859805117126137,0.9871794871794872,0.01282051282051282,6.519727468816031,26.0
pp_quantile_calibrated,HOBBIES_1_133_WI_1,546.0,546.0,0.0,0.0,1.0,1.0,0.0,7.0,0.0
pp_quantile_calibrated,HOBBIES_1_134_CA_4,1639.4781156677045,1597.2753176649994,42.20279800270504,0.0,0.9629800017520131,0.9615384615384616,0.038461538461538464,20.477888688012815,228.0
pp_quantile_calibrated,HOBBIES_1_135_WI_1,559.8933541729714,557.6899095951578,2.203444577813567,0.0,0.9913590408713193,0.9743589743589743,0.02564102564102564,7.149870635835357,51.0
pp_quantile_calibrated,HOBBIES_1_137_TX_1,494.62886741365804,431.03082272305323,63.5980446906048,0.0,0.7350081471224801,0.8846153846153846,0.11538461538461539,5.526036188757093,48.0
pp_quantile_calibrated,HOBBIES_1_143_WI_1,234.60294310054036,211.31280792779302,23.290135172747334,0.0,0.7882714984295697,0.9358974358974359,0.0641025641025641,2.7091385631768334,22.0
pp_quantile_calibrated,HOBBIES_1_151_TX_1,395.7931840107485,370.2841674964367,25.509016514311817,0.0,0.9037395603233516,0.9358974358974359,0.0641025641025641,4.747232916620983,53.0
pp_quantile_calibrated,HOBBIES_1_152_CA_1,922.1152015078569,909.513799083391,12.601402424465942,0.0,0.9639959930729544,0.9615384615384616,0.038461538461538464,11.660433321581936,70.0
pp_quantile_calibrated,HOBBIES_1_152_CA_3,785.2065464630207,750.313780757843,34.8927657051777,0.0,0.8926376439840686,0.9230769230769231,0.07692307692307693,9.619407445613373,65.0
pp_quantile_calibrated,HOBBIES_1_155_CA_2,702.971102674095,628.9712427802284,73.99985989386667,0.0,0.8642204405617125,0.9102564102564102,0.08974358974358974,8.0637338817978,109.0
pp_quantile_calibrated,HOBBIES_1_162_TX_1,267.56563864245896,267.56563864245896,0.0,0.0,1.0,1.0,0.0,3.430328700544346,6.0
pp_quantile_calibrated,HOBBIES_1_162_TX_2,332.2005040418674,309.0941860590812,23.1063179827862,0.0,0.8222590924401062,0.9230769230769231,0.07692307692307693,3.962745975116426,26.0
pp_quantile_calibrated,HOBBIES_1_170_TX_2,222.15802935252373,215.65570881568516,6.5023205368385595,0.0,0.907109706616592,0.9615384615384616,0.038461538461538464,2.7648167796882714,14.0
pp_quantile_calibrated,HOBBIES_1_173_CA_4,277.63756069228066,271.78185746497945,5.855703227301228,0.0,0.9414429677269878,0.9743589743589743,0.02564102564102564,3.484382788012557,20.0
pp_quantile_calibrated,HOBBIES_1_175_WI_1,441.46808533256353,441.46808533256353,0.0,0.0,1.0,1.0,0.0,5.659847247853379,12.0
pp_quantile_calibrated,HOBBIES_1_176_TX_3,367.9259659473276,313.24848621374434,54.677479733583276,0.0,0.7936698877977989,0.8589743589743589,0.14102564102564102,4.016006233509543,53.0
pp_quantile_calibrated,HOBBIES_1_184_CA_1,408.8344197027428,408.8344197027428,0.0,0.0,1.0,1.0,0.0,5.2414669192659336,10.0
pp_quantile_calibrated,HOBBIES_1_186_TX_1,209.6417211374348,206.7151293059996,2.9265918314352257,0.0,0.9512234694760796,0.9743589743589743,0.02564102564102564,2.650193965461533,12.0
pp_quantile_calibrated,HOBBIES_1_187_CA_2,237.24471706264202,229.30039257258204,7.944324490059995,0.0,0.9277788682721819,0.9615384615384616,0.038461538461538464,2.9397486227254106,22.0
pp_quantile_calibrated,HOBBIES_1_190_TX_2,218.42018775403164,217.86676898271682,0.5534187713148198,0.0,0.9899378405215487,0.9871794871794872,0.01282051282051282,2.793163704906626,11.0
pp_quantile_calibrated,HOBBIES_1_194_TX_3,1007.037470656158,963.8336255837684,43.20384507238959,0.0,0.9267731439451025,0.9487179487179487,0.05128205128205128,12.356841353638057,118.0
pp_quantile_calibrated,HOBBIES_1_200_CA_4,389.0282129821687,352.058697694908,36.96951528726071,0.0,0.8521219388509573,0.9230769230769231,0.07692307692307693,4.513573047370615,50.0
pp_quantile_calibrated,HOBBIES_1_209_CA_3,6280.095838058886,5851.635030630579,428.4608074283069,0.0,0.8236786800706556,0.8333333333333334,0.16666666666666666,75.02096193116128,486.0
pp_quantile_calibrated,HOBBIES_1_212_CA_2,484.49493484615795,484.49493484615795,0.0,0.0,1.0,1.0,0.0,6.211473523668691,6.0
pp_quantile_calibrated,HOBBIES_1_232_WI_3,1338.064139695527,1273.064139695527,65.0,0.0,0.7291666666666666,0.9743589743589743,0.02564102564102564,16.32133512430163,48.0
pp_quantile_calibrated,HOBBIES_1_239_TX_1,317.9539953510958,303.2355127303784,14.718482620717399,0.0,0.8160189672410325,0.9487179487179487,0.05128205128205128,3.887634778594595,16.0
pp_quantile_calibrated,HOBBIES_1_240_CA_2,724.5920007237686,645.5959264519958,78.9960742717728,0.0,0.8466095645208294,0.8589743589743589,0.14102564102564102,8.276870851948663,103.0
pp_quantile_calibrated,HOBBIES_1_242_TX_3,630.8196243683901,615.143578624852,15.676045743538056,0.0,0.9270881593323812,0.9743589743589743,0.02564102564102564,7.886456136216052,43.0
pp_quantile_calibrated,HOBBIES_1_245_TX_1,119.3499825888282,108.36412611046782,10.985856478360382,0.0,0.7802828704327924,0.9487179487179487,0.05128205128205128,1.3892836680829208,10.0
pp_quantile_calibrated,HOBBIES_1_245_WI_1,404.46126488424034,364.41890960239914,40.042355281841196,0.0,0.7497352794884925,0.9102564102564102,0.08974358974358974,4.672037302594861,32.0
pp_quantile_calibrated,HOBBIES_1_252_TX_1,1352.0869115602761,1327.141231285449,24.94568027482707,0.0,0.9109082847327604,0.9487179487179487,0.05128205128205128,17.014631170326272,56.0
pp_quantile_calibrated,HOBBIES_1_257_CA_2,450.7568157908085,447.49175517312807,3.265060617680424,0.0,0.9656309408665218,0.9871794871794872,0.01282051282051282,5.737073784270873,19.0
pp_quantile_calibrated,HOBBIES_1_261_WI_3,2039.987214748522,1783.3448466430718,256.6423681054504,0.0,0.7132487507201672,0.9615384615384616,0.038461538461538464,22.863395469782972,179.0
pp_quantile_calibrated,HOBBIES_1_264_TX_2,287.1075465215239,280.2906529661013,6.816893555422618,0.0,0.9599006261445728,0.9743589743589743,0.02564102564102564,3.593469909821811,34.0
pp_quantile_calibrated,HOBBIES_1_267_CA_3,287.27066232157637,287.27066232157637,0.0,0.0,1.0,1.0,0.0,3.6829572092509792,14.0
pp_quantile_calibrated,HOBBIES_1_267_WI_2,130.129809999371,129.85868038782897,0.27112961154201365,0.0,0.9909623462819329,0.9871794871794872,0.01282051282051282,1.6648548767670381,6.0
pp_quantile_calibrated,HOBBIES_1_277_CA_1,1568.0,1568.0,0.0,0.0,1.0,1.0,0.0,20.102564102564102,17.0
pp_quantile_calibrated,HOBBIES_1_279_CA_4,478.77204952840475,454.0798571580748,24.692192370329984,0.0,0.9050300293448846,0.9871794871794872,0.01282051282051282,5.821536630231728,52.0
pp_quantile_calibrated,HOBBIES_1_279_TX_3,520.3780828700407,502.2502122098481,18.127870660192578,0.0,0.9489355756050915,0.9487179487179487,0.05128205128205128,6.439105284741642,71.0
pp_quantile_calibrated,HOBBIES_1_285_CA_4,251.65305950112963,251.65305950112963,0.0,0.0,1.0,1.0,0.0,3.226321275655508,8.0
pp_quantile_calibrated,HOBBIES_1_287_WI_1,579.38908188931,579.1824601661502,0.2066217231597367,0.0,0.9989125172465277,0.9871794871794872,0.01282051282051282,7.4254161559762855,38.0
pp_quantile_calibrated,HOBBIES_1_289_WI_1,576.8194844535773,496.74618534557214,80.07329910800516,0.0,0.7416990351354673,0.8974358974358975,0.10256410256410256,6.368540837763746,62.0
pp_quantile_calibrated,HOBBIES_1_290_CA_4,389.70647469921033,389.70647469921033,0.0,0.0,1.0,1.0,0.0,4.996236855118081,3.0
pp_quantile_calibrated,HOBBIES_1_296_CA_1,521.2867641896289,499.54204443717003,21.744719752458884,0.0,0.8791960013752284,0.9230769230769231,0.07692307692307693,6.404385185091924,36.0
pp_quantile_calibrated,HOBBIES_1_297_CA_1,1081.08160352299,931.7676716453419,149.3139318776481,0.0,0.8303250774117636,0.8846153846153846,0.11538461538461539,11.945739380068487,176.0
pp_quantile_calibrated,HOBBIES_1_306_CA_4,511.031512551645,471.20243333594493,39.82907921570007,0.0,0.8147484687641857,0.9230769230769231,0.07692307692307693,6.04105683764032,43.0
pp_quantile_calibrated,HOBBIES_1_306_WI_3,201.628584324234,194.7157754979212,6.912808826312826,0.0,0.9186728373374962,0.9487179487179487,0.05128205128205128,2.4963560961271947,17.0
pp_quantile_calibrated,HOBBIES_1_309_WI_1,324.9962455243973,298.0876459318767,26.908599592520595,0.0,0.6636425050934925,0.9358974358974359,0.0641025641025641,3.8216364863061116,16.0
pp_quantile_calibrated,HOBBIES_1_312_TX_3,1057.3911463902589,1020.1193963060985,37.27175008416051,0.0,0.8978856162077793,0.9487179487179487,0.05128205128205128,13.078453798796135,73.0
pp_quantile_calibrated,HOBBIES_1_319_TX_1,1742.151292042997,1705.6662412979601,36.48505074503692,0.0,0.9459480729703157,0.9615384615384616,0.038461538461538464,21.867515914076414,135.0
pp_quantile_calibrated,HOBBIES_1_323_CA_3,931.4321235181519,789.260281280405,142.17184223774683,0.0,0.7630469296037553,0.8205128205128205,0.1794871794871795,10.118721554876988,120.0
pp_quantile_calibrated,HOBBIES_1_328_TX_1,235.4671475670804,235.4671475670804,0.0,0.0,1.0,1.0,0.0,3.0188095841933382,7.0
pp_quantile_calibrated,HOBBIES_1_332_WI_1,639.0870664248879,605.5646016824992,33.52246474238868,0.0,0.8900902795331519,0.9230769230769231,0.07692307692307693,7.76364873951922,61.0
pp_quantile_calibrated,HOBBIES_1_333_CA_2,488.8982793756384,445.6230893069648,43.27519006867362,0.0,0.8647650310353949,0.9358974358974359,0.0641025641025641,5.713116529576472,64.0
pp_quantile_calibrated,HOBBIES_1_333_TX_1,221.9329012232765,213.39723149297996,8.535669730296544,0.0,0.8780618609957637,0.9871794871794872,0.01282051282051282,2.7358619422176917,14.0
pp_quantile_calibrated,HOBBIES_1_334_TX_1,177.25748973426403,173.1215970115568,4.135892722707233,0.0,0.9248019504962322,0.9871794871794872,0.01282051282051282,2.219507653994318,11.0
pp_quantile_calibrated,HOBBIES_1_344_CA_3,769.2440238763805,762.078553262395,7.165470613985541,0.0,0.9844228899695966,0.9871794871794872,0.01282051282051282,9.770237862338396,92.0
pp_quantile_calibrated,HOBBIES_1_346_CA_4,365.19340483814625,360.7539306273384,4.439474210807877,0.0,0.9532686925178119,0.9871794871794872,0.01282051282051282,4.625050392658184,19.0
pp_quantile_calibrated,HOBBIES_1_348_CA_4,6807.808297123898,6561.895194258104,245.91310286579358,0.0,0.8812013995817423,0.9487179487179487,0.05128205128205128,84.1268614648475,414.0
pp_quantile_calibrated,HOBBIES_1_352_CA_2,696.1626858486492,670.3977216974862,25.764964151163028,0.0,0.93937655493844,0.9615384615384616,0.038461538461538464,8.594842585865207,85.0
pp_quantile_calibrated,HOBBIES_1_361_CA_4,323.19275836286243,306.82120371033625,16.371554652526186,0.0,0.890856302316492,0.9358974358974359,0.0641025641025641,3.9336051757735415,30.0
pp_quantile_calibrated,HOBBIES_1_362_WI_2,310.2989662626168,310.2989662626168,0.0,0.0,1.0,1.0,0.0,3.9781918751617535,4.0
pp_quantile_calibrated,HOBBIES_1_367_TX_1,475.2888270320174,445.2857961592774,30.003030872739977,0.0,0.8846037274125386,0.9230769230769231,0.07692307692307693,5.708792258452275,52.0
pp_quantile_calibrated,HOBBIES_1_368_CA_1,285.78914144716316,265.6523522999964,20.13678914716681,0.0,0.8779588536535344,0.9487179487179487,0.05128205128205128,3.405799388461492,33.0
pp_quantile_calibrated,HOBBIES_1_372_TX_1,615.5667870355751,581.5565405889195,34.0102464466556,0.0,0.8953530878564443,0.9102564102564102,0.08974358974358974,7.455853084473326,65.0
pp_quantile_calibrated,HOBBIES_1_373_TX_1,396.7631618025164,377.66855793263784,19.09460386987857,0.0,0.9169799831744411,0.9487179487179487,0.05128205128205128,4.841904588879972,46.0
pp_quantile_calibrated,HOBBIES_1_374_WI_3,174.06384357818933,161.929319587786,12.134523990403334,0.0,0.857240894230549,0.9487179487179487,0.05128205128205128,2.076016917792128,17.0
pp_quantile_calibrated,HOBBIES_1_375_WI_1,195.48995342576723,195.48995342576723,0.0,0.0,1.0,1.0,0.0,2.506281454176503,8.0
pp_quantile_calibrated,HOBBIES_1_380_CA_2,618.0613703312732,606.3710014269219,11.690368904351285,0.0,0.913404674782583,0.9743589743589743,0.02564102564102564,7.77398719778105,27.0
pp_quantile_calibrated,HOBBIES_1_381_TX_2,2621.332761591682,2548.7035228233703,72.62923876831152,0.0,0.9544644271045067,0.9230769230769231,0.07692307692307693,32.67568619004321,319.0
pp_quantile_calibrated,HOBBIES_1_385_CA_1,942.0,942.0,0.0,0.0,1.0,1.0,0.0,12.076923076923077,8.0
pp_quantile_calibrated,HOBBIES_1_386_CA_3,1872.0,1872.0,0.0,0.0,1.0,1.0,0.0,24.0,15.0
pp_quantile_calibrated,HOBBIES_1_386_WI_3,215.36550749374013,215.36550749374013,0.0,0.0,1.0,1.0,0.0,2.761096249919745,6.0
pp_quantile_calibrated,HOBBIES_1_389_CA_3,203.72714272791433,203.72714272791433,0.0,0.0,1.0,1.0,0.0,2.611886445229671,21.0
pp_quantile_calibrated,HOBBIES_1_390_TX_1,205.46296409654232,181.333207764376,24.129756332166313,0.0,0.6782699155711159,0.8974358974358975,0.10256410256410256,2.3247847149278975,15.0
pp_quantile_calibrated,HOBBIES_1_393_TX_2,194.28265394881808,188.17914828566143,6.103505663156663,0.0,0.935752571966772,0.9743589743589743,0.02564102564102564,2.4125531831495053,19.0
pp_quantile_calibrated,HOBBIES_1_398_TX_3,860.612470936053,858.6070560974957,2.005414838557229,0.0,0.988203442126134,0.9871794871794872,0.01282051282051282,11.007782770480715,34.0
pp_quantile_calibrated,HOBBIES_1_399_TX_3,550.472801718896,550.472801718896,0.0,0.0,1.0,1.0,0.0,7.057343611780718,5.0
pp_quantile_calibrated,HOBBIES_1_400_CA_3,1574.8226948654,1562.323819902426,12.498874962974043,0.0,0.9715934659932408,0.9615384615384616,0.038461538461538464,20.029792562851615,88.0
pp_quantile_calibrated,HOBBIES_1_405_TX_3,216.7126166561035,216.7126166561035,0.0,0.0,1.0,1.0,0.0,2.7783668802064554,9.0
pp_quantile_calibrated,HOBBIES_1_406_CA_1,382.4710413313402,382.4710413313402,0.0,0.0,1.0,1.0,0.0,4.903474888863336,7.0
pp_quantile_calibrated,HOBBIES_1_410_TX_1,298.2967551664556,298.2967551664556,0.0,0.0,1.0,1.0,0.0,3.8243173739289182,5.0
pp_quantile_calibrated,HOBBIES_1_415_CA_1,693.8087907435518,643.0026574536839,50.80613328986782,0.0,0.8387106879686734,0.9102564102564102,0.08974358974358974,8.243623813508767,63.0
pp_quantile_calibrated,HOBBIES_1_418_TX_1,897.9660403193703,892.9660403193703,5.0,0.0,0.9411764705882353,0.9871794871794872,0.01282051282051282,11.448282568197056,17.0
pp_quantile_calibrated,HOBBIES_1_419_CA_4,246.00143367729447,246.00143367729447,0.0,0.0,1.0,1.0,0.0,3.153864534324288,5.0
pp_quantile_calibrated,HOBBIES_2_007_TX_3,550.4013505050879,538.1948573408167,12.206493164271173,0.0,0.9158172885222677,0.9615384615384616,0.038461538461538464,6.899934068472009,29.0
pp_quantile_calibrated,HOBBIES_2_008_WI_3,356.9765627746115,346.61439953704974,10.362163237561761,0.0,0.8909245974993499,0.9743589743589743,0.02564102564102564,4.443774353039099,19.0
pp_quantile_calibrated,HOBBIES_2_009_WI_2,267.7899159815281,267.7899159815281,0.0,0.0,1.0,1.0,0.0,3.4332040510452324,7.0
pp_quantile_calibrated,HOBBIES_2_012_TX_2,249.75570884535372,249.6557532895588,0.0999555557949261,0.0,0.998182626258274,0.9871794871794872,0.01282051282051282,3.2007147857635743,11.0
pp_quantile_calibrated,HOBBIES_2_014_WI_1,208.95276406883465,204.66866193754416,4.284102131290508,0.0,0.9285982978118249,0.9871794871794872,0.01282051282051282,2.623957204327489,12.0
pp_quantile_calibrated,HOBBIES_2_018_CA_2,332.5483139494943,332.5483139494943,0.0,0.0,1.0,1.0,0.0,4.263439922429414,19.0
pp_quantile_calibrated,HOBBIES_2_030_TX_2,170.19336121613205,165.70049064141452,4.492870574717531,0.0,0.9183114440960448,0.9871794871794872,0.01282051282051282,2.1243652646335196,11.0
pp_quantile_calibrated,HOBBIES_2_030_WI_2,83.20924631325718,83.20924631325718,0.0,0.0,1.0,1.0,0.0,1.0667852091443228,0.0
pp_quantile_calibrated,HOBBIES_2_031_CA_2,270.422087642614,260.1579931790255,10.264094463588505,0.0,0.9210454272031653,0.9487179487179487,0.05128205128205128,3.335358886910583,26.0
pp_quantile_calibrated,HOBBIES_2_035_CA_2,463.319594334136,463.319594334136,0.0,0.0,1.0,1.0,0.0,5.93999479915559,11.0
pp_quantile_calibrated,HOBBIES_2_038_CA_2,379.5160309674016,352.55802694511,26.958004022291625,0.0,0.7926307382900645,0.9358974358974359,0.0641025641025641,4.519974704424487,26.0
pp_quantile_calibrated,HOBBIES_2_040_TX_1,629.9397703537663,629.9397703537663,0.0,0.0,1.0,1.0,0.0,8.076150901971364,7.0
pp_quantile_calibrated,HOBBIES_2_041_TX_2,927.9551805011079,842.9551805011079,85.0,0.0,0.6530612244897959,0.8974358974358975,0.10256410256410256,10.807117698732153,49.0
pp_quantile_calibrated,HOBBIES_2_042_TX_2,731.9253939216155,705.2740272083881,26.651366713227375,0.0,0.8223242219118174,0.9230769230769231,0.07692307692307693,9.041974707799849,30.0
pp_quantile_calibrated,HOBBIES_2_045_CA_4,278.54148902247283,271.16379298240656,7.377696040066253,0.0,0.8864969839989809,0.9615384615384616,0.038461538461538464,3.4764588843898276,13.0
pp_quantile_calibrated,HOBBIES_2_050_WI_2,155.04631834512764,155.04631834512764,0.0,0.0,1.0,1.0,0.0,1.9877733121170211,9.0
pp_quantile_calibrated,HOBBIES_2_056_WI_3,423.0976213522576,423.0976213522576,0.0,0.0,1.0,1.0,0.0,5.424328478875097,3.0
pp_quantile_calibrated,HOBBIES_2_061_TX_3,224.31338482007234,206.87659045678777,17.436794363284584,0.0,0.6829673752130075,0.9615384615384616,0.038461538461538464,2.6522639802152277,11.0
pp_quantile_calibrated,HOBBIES_2_072_TX_2,366.40230320810997,366.40230320810997,0.0,0.0,1.0,1.0,0.0,4.6974654257449995,6.0
pp_quantile_calibrated,HOBBIES_2_074_CA_1,209.95649382523888,209.95649382523888,0.0,0.0,1.0,1.0,0.0,2.6917499208363957,7.0
pp_quantile_calibrated,HOBBIES_2_074_CA_3,283.32283283425915,283.32283283425915,0.0,0.0,1.0,1.0,0.0,3.63234401069563,10.0
pp_quantile_calibrated,HOBBIES_2_076_TX_3,1126.7994430134795,1044.676587137469,82.12285587601052,0.0,0.5994007030438512,0.8846153846153846,0.11538461538461539,13.393289578685499,41.0
pp_quantile_calibrated,HOBBIES_2_076_WI_1,647.7480650549037,634.0563409265025,13.691724128401273,0.0,0.8558765881220919,0.9615384615384616,0.038461538461538464,8.128927447775672,19.0
pp_quantile_calibrated,HOBBIES_2_077_WI_1,161.0567169470916,161.0567169470916,0.0,0.0,1.0,1.0,0.0,2.0648297044498922,0.0
pp_quantile_calibrated,HOBBIES_2_081_WI_3,1635.5345392025408,1635.5345392025408,0.0,0.0,1.0,1.0,0.0,20.968391528237703,10.0
pp_quantile_calibrated,HOBBIES_2_083_CA_1,846.0307072797772,846.0307072797772,0.0,0.0,1.0,1.0,0.0,10.846547529227912,7.0
pp_quantile_calibrated,HOBBIES_2_084_WI_3,151.8060578233808,147.66234341270757,4.143714410673212,0.0,0.9171257117865357,0.9871794871794872,0.01282051282051282,1.8931069668295843,10.0
pp_quantile_calibrated,HOBBIES_2_086_CA_4,284.45287516951765,284.45287516951765,0.0,0.0,1.0,1.0,0.0,3.646831732942534,3.0
pp_quantile_calibrated,HOBBIES_2_103_TX_1,355.2317752069941,343.8846535648308,11.34712164216329,0.0,0.9402783071465088,0.9743589743589743,0.02564102564102564,4.408777609805523,38.0
pp_quantile_calibrated,HOBBIES_2_107_WI_3,754.0,754.0,0.0,0.0,1.0,1.0,0.0,9.666666666666666,4.0
pp_quantile_calibrated,HOBBIES_2_114_CA_4,208.80733597161483,207.1125721763161,1.694763795298746,0.0,0.9623385823266946,0.9871794871794872,0.01282051282051282,2.655289386875847,9.0
pp_quantile_calibrated,HOBBIES_2_115_TX_1,656.2010722232405,628.2010722232407,27.99999999999983,0.0,0.9000000000000006,0.9615384615384616,0.038461538461538464,8.053859900297956,56.0
pp_quantile_calibrated,HOBBIES_2_116_CA_1,489.0828713601323,474.40541421566627,14.677457144466022,0.0,0.8665685714139453,0.9743589743589743,0.02564102564102564,6.0821206950726445,22.0
pp_quantile_calibrated,HOBBIES_2_116_CA_2,419.06077800264404,402.64298518723456,16.417792815409467,0.0,0.8783867198858558,0.9615384615384616,0.038461538461538464,5.1620895536824944,27.0
pp_quantile_calibrated,HOBBIES_2_117_TX_1,789.3954011912874,789.3954011912874,0.0,0.0,1.0,1.0,0.0,10.120453861426762,31.0
pp_quantile_calibrated,HOBBIES_2_118_WI_2,234.0,234.0,0.0,0.0,1.0,1.0,0.0,3.0,0.0
pp_quantile_calibrated,HOBBIES_2_122_CA_2,1396.6569613840886,1396.6569613840886,0.0,0.0,1.0,1.0,0.0,17.905858479283186,10.0
pp_quantile_calibrated,HOBBIES_2_122_TX_1,849.2360973937846,843.64706363711,5.589033756674535,0.0,0.9513997064636996,0.9743589743589743,0.02564102564102564,10.815987995347564,23.0
pp_quantile_calibrated,HOBBIES_2_123_TX_1,450.35360218528245,445.79764854501985,4.555953640262587,0.0,0.9430505794967177,0.9871794871794872,0.01282051282051282,5.715354468525896,16.0
pp_quantile_calibrated,HOBBIES_2_124_TX_3,2519.0,2399.0,120.0,0.0,0.6129032258064516,0.9487179487179487,0.05128205128205128,30.756410256410255,62.0
pp_quantile_calibrated,HOBBIES_2_128_TX_1,276.2395705423274,269.6786896018248,6.5608809405026,0.0,0.8687823811899481,0.9743589743589743,0.02564102564102564,3.457419097459292,10.0
pp_quantile_calibrated,HOBBIES_2_129_WI_1,1537.9702484396587,1537.9702484396587,0.0,0.0,1.0,1.0,0.0,19.71756728768793,24.0
pp_quantile_calibrated,HOBBIES_2_132_CA_1,1423.280364848491,1341.64042104755,81.63994380094088,0.0,0.697629837774293,0.9230769230769231,0.07692307692307693,17.200518218558333,54.0
pp_quantile_calibrated,HOBBIES_2_133_CA_3,952.290262217001,952.290262217001,0.0,0.0,1.0,1.0,0.0,12.208849515602576,30.0
pp_quantile_calibrated,HOBBIES_2_134_TX_3,627.2407207117706,621.9349084661632,5.305812245607422,0.0,0.8938837550878516,0.9743589743589743,0.02564102564102564,7.973524467514912,10.0
pp_quantile_calibrated,HOBBIES_2_137_CA_2,678.9464437164806,678.9464437164806,0.0,0.0,1.0,1.0,0.0,8.704441586108727,0.0
pp_quantile_calibrated,HOBBIES_2_144_WI_1,462.7766889800698,462.7766889800698,0.0,0.0,1.0,1.0,0.0,5.933034474103459,10.0
pp_quantile_calibrated,HOUSEHOLD_1_005_CA_4,458.8622926622616,384.15986276455385,74.70242989770776,0.0,0.7590244196848137,0.8589743589743589,0.14102564102564102,4.925126445699409,62.0
pp_quantile_calibrated,HOUSEHOLD_1_006_CA_4,569.9047436583671,545.9428227437243,23.961920914642878,0.0,0.9078387657129121,0.9615384615384616,0.038461538461538464,6.999266958252875,52.0
pp_quantile_calibrated,HOUSEHOLD_1_006_WI_2,468.10574618129436,456.88685953063015,11.218886650664226,0.0,0.9478191318573758,0.9743589743589743,0.02564102564102564,5.857523840136284,43.0
pp_quantile_calibrated,HOUSEHOLD_1_008_WI_3,198.49010363031795,167.16488944893166,31.325214181386297,0.0,0.7493982865489096,0.9102564102564102,0.08974358974358974,2.1431396083196366,25.0
pp_quantile_calibrated,HOUSEHOLD_1_010_CA_2,1954.1697991698077,1954.1697991698077,0.0,0.0,1.0,1.0,0.0,25.05345896371548,65.0
pp_quantile_calibrated,HOUSEHOLD_1_013_CA_3,860.9674304990058,838.3326195491826,22.634810949823247,0.0,0.962275315083628,0.9487179487179487,0.05128205128205128,10.747854096784392,120.0
pp_quantile_calibrated,HOUSEHOLD_1_014_CA_2,1298.807089362776,1232.4928099054612,66.31427945731474,0.0,0.8938971528682964,0.9487179487179487,0.05128205128205128,15.801189870582835,125.0
pp_quantile_calibrated,HOUSEHOLD_1_014_WI_3,448.83848763990756,421.07065808595854,27.767829553948992,0.0,0.8457342802558389,0.9230769230769231,0.07692307692307693,5.398341770332801,36.0
pp_quantile_calibrated,HOUSEHOLD_1_015_WI_2,1297.0,1297.0,0.0,0.0,1.0,1.0,0.0,16.628205128205128,1.0
pp_quantile_calibrated,HOUSEHOLD_1_020_WI_1,712.5786160865895,660.3589471346634,52.21966895192615,0.0,0.8549453640224274,0.9230769230769231,0.07692307692307693,8.4661403478803,72.0
pp_quantile_calibrated,HOUSEHOLD_1_021_WI_2,803.823721179263,470.69950692273915,333.12421425652377,0.0,0.6398657143172716,0.717948717948718,0.28205128205128205,6.034609063112041,185.0
pp_quantile_calibrated,HOUSEHOLD_1_024_CA_2,987.9560713287051,949.3836991211731,38.57237220753202,0.0,0.9123355177101544,0.9487179487179487,0.05128205128205128,12.171585886168886,88.0
pp_quantile_calibrated,HOUSEHOLD_1_026_CA_2,2030.895382518722,1754.0938220264825,276.8015604922396,0.0,0.6101386471940288,0.7435897435897436,0.2564102564102564,22.488382333672853,142.0
pp_quantile_calibrated,HOUSEHOLD_1_029_CA_2,1987.7759338002109,1917.138136368366,70.6377974318448,0.0,0.8792516283216327,0.8974358974358975,0.10256410256410256,24.578694056004693,117.0
pp_quantile_calibrated,HOUSEHOLD_1_032_WI_1,743.9611811751582,685.0528304164686,58.90835075868958,0.0,0.7933040324256506,0.9230769230769231,0.07692307692307693,8.782728595082931,57.0
pp_quantile_calibrated,HOUSEHOLD_1_033_TX_2,1647.4153111483859,1537.133831007518,110.28148014086796,0.0,0.7994882179256946,0.9102564102564102,0.08974358974358974,19.70684398727587,110.0
pp_quantile_calibrated,HOUSEHOLD_1_034_WI_1,479.86787031119667,471.6059220019023,8.2619483092944,0.0,0.9082005743411733,0.9743589743589743,0.02564102564102564,6.046229769255158,18.0
pp_quantile_calibrated,HOUSEHOLD_1_043_CA_3,851.5917505265526,789.946030237625,61.64572028892762,0.0,0.8630095104690497,0.8717948717948718,0.1282051282051282,10.12751320817468,90.0
pp_quantile_calibrated,HOUSEHOLD_1_049_CA_1,3510.0,3510.0,0.0,0.0,1.0,1.0,0.0,45.0,0.0
pp_quantile_calibrated,HOUSEHOLD_1_049_WI_1,702.0,702.0,0.0,0.0,1.0,1.0,0.0,9.0,0.0
pp_quantile_calibrated,HOUSEHOLD_1_051_WI_1,1657.7546061975945,1621.2115509956645,36.54305520192999,0.0,0.9723158672712652,0.9487179487179487,0.05128205128205128,20.784763474303393,264.0
pp_quantile_calibrated,HOUSEHOLD_1_058_CA_3,1844.7452804410318,1795.7601925160302,48.985087925001665,0.0,0.9562633143526771,0.9615384615384616,0.038461538461538464,23.022566570718336,224.0
pp_quantile_calibrated,HOUSEHOLD_1_068_TX_1,406.63212226321855,405.97180157886197,0.6603206843565701,0.0,0.9853262070142984,0.9871794871794872,0.01282051282051282,5.204766686908487,9.0
pp_quantile_calibrated,HOUSEHOLD_1_071_CA_1,1851.7808465793435,1585.2589954875925,266.52185109175093,0.0,0.8485671300615052,0.8461538461538461,0.15384615384615385,20.323833275481956,352.0
pp_quantile_calibrated,HOUSEHOLD_1_071_TX_2,1725.2618168278627,1413.3843332652275,311.8774835626351,0.0,0.8132470158307574,0.8076923076923077,0.19230769230769232,18.120311964938814,334.0
pp_quantile_calibrated,HOUSEHOLD_1_079_WI_1,823.4663549995954,696.5182786680922,126.94807633150324,0.0,0.7712647273306249,0.8461538461538461,0.15384615384615385,8.929721521385797,111.0
pp_quantile_calibrated,HOUSEHOLD_1_080_WI_1,409.9296162540037,400.40856359714417,9.521052656859501,0.0,0.9238315787451239,0.9743589743589743,0.02564102564102564,5.13344312304031,25.0
pp_quantile_calibrated,HOUSEHOLD_1_080_WI_2,536.4158982951915,503.84776380542405,32.56813448976747,0.0,0.8552527356010334,0.9102564102564102,0.08974358974358974,6.459586715454154,45.0
pp_quantile_calibrated,HOUSEHOLD_1_083_TX_1,3337.506487676892,2910.6165224260017,426.8899652508905,0.0,0.8332461073238709,0.8589743589743589,0.14102564102564102,37.315596441359,512.0
pp_quantile_calibrated,HOUSEHOLD_1_083_WI_3,4621.445573864515,4349.603649316966,271.8419245475486,0.0,0.9153140421970252,0.8974358974358975,0.10256410256410256,55.76414935021751,642.0
pp_quantile_calibrated,HOUSEHOLD_1_088_TX_3,540.8049039942894,533.9217835907,6.88312040358932,0.0,0.9781488241155896,0.9615384615384616,0.038461538461538464,6.845151071675641,63.0
pp_quantile_calibrated,HOUSEHOLD_1_091_WI_3,310.9968924021724,301.19071675705027,9.80617564512218,0.0,0.8692509913983709,0.9743589743589743,0.02564102564102564,3.8614194456032087,15.0
pp_quantile_calibrated,HOUSEHOLD_1_093_CA_2,865.8551793584886,800.6937211695458,65.16145818894273,0.0,0.8696770836221145,0.9230769230769231,0.07692307692307693,10.26530411755828,100.0
pp_quantile_calibrated,HOUSEHOLD_1_095_TX_2,233.5362209054675,211.00507981505373,22.531141090413776,0.0,0.6533670601474804,0.9358974358974359,0.0641025641025641,2.7051933309622274,13.0
pp_quantile_calibrated,HOUSEHOLD_1_095_TX_3,129.0592206247544,118.70185010302127,10.35737052173313,0.0,0.8406558381271826,0.9487179487179487,0.05128205128205128,1.5218185910643753,13.0
pp_quantile_calibrated,HOUSEHOLD_1_096_WI_2,3424.6449437204687,2464.761169253776,959.8837744666924,0.0,0.768702704947785,0.7051282051282052,0.2948717948717949,31.599502169920207,830.0
pp_quantile_calibrated,HOUSEHOLD_1_098_CA_4,252.61592623408822,248.06470051620468,4.551225717883529,0.0,0.9299811428017919,0.9871794871794872,0.01282051282051282,3.1803166732846755,13.0
pp_quantile_calibrated,HOUSEHOLD_1_102_WI_3,1045.7350381973147,885.0825944710996,160.65244372621498,0.0,0.6818763490570001,0.8333333333333334,0.16666666666666666,11.347212749629481,101.0
pp_quantile_calibrated,HOUSEHOLD_1_106_TX_3,2693.722199011595,1922.2891098776533,771.4330891339414,0.0,0.7466557999560127,0.7307692307692307,0.2692307692307692,24.644732177918634,609.0
pp_quantile_calibrated,HOUSEHOLD_1_119_TX_2,1388.5471029167231,1374.4557616720015,14.091341244721605,0.0,0.9834219514767981,0.9871794871794872,0.01282051282051282,17.621227713743608,170.0
pp_quantile_calibrated,HOUSEHOLD_1_120_CA_2,522.980727610018,500.17309120981264,22.807636400205364,0.0,0.8696706491416837,0.9487179487179487,0.05128205128205128,6.412475528330932,35.0
pp_quantile_calibrated,HOUSEHOLD_1_127_WI_1,423.0360504991553,389.5470256931599,33.48902480599534,0.0,0.8086341439657408,0.9230769230769231,0.07692307692307693,4.9941926370917935,35.0
pp_quantile_calibrated,HOUSEHOLD_1_128_WI_2,2105.479750289188,2001.340237648224,104.1395126409639,0.0,0.8816596447261773,0.8717948717948718,0.1282051282051282,25.658208174977233,176.0
pp_quantile_calibrated,HOUSEHOLD_1_131_CA_1,684.8946694284066,636.0342911875317,48.860378240874816,0.0,0.8223258973059098,0.9230769230769231,0.07692307692307693,8.154285784455535,55.0
pp_quantile_calibrated,HOUSEHOLD_1_131_TX_1,1129.5202587017272,1106.9122320635465,22.608026638180743,0.0,0.9325133533188634,0.9487179487179487,0.05128205128205128,14.19118246235316,67.0
pp_quantile_calibrated,HOUSEHOLD_1_136_WI_3,1173.6930683269923,1173.6930683269923,0.0,0.0,1.0,1.0,0.0,15.047347029833235,131.0
pp_quantile_calibrated,HOUSEHOLD_1_145_CA_2,1862.8269830273882,1828.4893294837718,34.33765354361647,0.0,0.9705256192758658,0.9743589743589743,0.02564102564102564,23.442170890817586,233.0
pp_quantile_calibrated,HOUSEHOLD_1_155_WI_3,355.0958692703276,302.454578736086,52.641290534241676,0.0,0.6903453497985783,0.9102564102564102,0.08974358974358974,3.877622804308795,34.0
pp_quantile_calibrated,HOUSEHOLD_1_157_WI_1,949.3701743146428,949.3701743146428,0.0,0.0,1.0,1.0,0.0,12.171412491213369,23.0
pp_quantile_calibrated,HOUSEHOLD_1_158_CA_3,884.8536193796,830.703285160026,54.15033421957402,0.0,0.8536477453525027,0.8974358974358975,0.10256410256410256,10.65004211743623,74.0
pp_quantile_calibrated,HOUSEHOLD_1_160_WI_2,1180.9347752910626,1036.6502573944272,144.28451789663544,0.0,0.7709769557196263,0.8461538461538461,0.15384615384615385,13.290387915313168,126.0
pp_quantile_calibrated,HOUSEHOLD_1_161_CA_2,618.8449492204961,610.8835736845463,7.961375535949866,0.0,0.9778850679556947,0.9871794871794872,0.01282051282051282,7.831840688263414,72.0
pp_quantile_calibrated,HOUSEHOLD_1_162_TX_1,2350.9739894152517,2350.9739894152517,0.0,0.0,1.0,1.0,0.0,30.140692171990406,38.0
pp_quantile_calibrated,HOUSEHOLD_1_163_CA_1,429.6873418444182,429.6873418444182,0.0,0.0,1.0,1.0,0.0,5.508812074928438,22.0
pp_quantile_calibrated,HOUSEHOLD_1_165_CA_1,364.4158930722877,355.45324103272145,8.962652039566228,0.0,0.9551867398021688,0.9871794871794872,0.01282051282051282,4.557092833752839,40.0
pp_quantile_calibrated,HOUSEHOLD_1_165_TX_1,1000.3044875404256,1000.3044875404256,0.0,0.0,1.0,1.0,0.0,12.824416506928534,77.0
pp_quantile_calibrated,HOUSEHOLD_1_167_WI_1,519.853872037001,506.9275002821071,12.926371754893893,0.0,0.9192101765319132,0.9743589743589743,0.02564102564102564,6.49907051643727,32.0
pp_quantile_calibrated,HOUSEHOLD_1_175_TX_2,636.0017277577367,573.2345852705567,62.76714248717994,0.0,0.9063176977803284,0.9102564102564102,0.08974358974358974,7.3491613496225225,134.0
pp_quantile_calibrated,HOUSEHOLD_1_175_WI_3,327.66714816699306,318.12426647025455,9.542881696738501,0.0,0.9421643533531001,0.9743589743589743,0.02564102564102564,4.078516236798135,33.0
pp_quantile_calibrated,HOUSEHOLD_1_185_WI_3,646.2098856234121,536.4434288322155,109.76645679119656,0.0,0.7587550400193482,0.8589743589743589,0.14102564102564102,6.8774798568232764,91.0
pp_quantile_calibrated,HOUSEHOLD_1_186_WI_2,2042.7267815070975,1728.383484038712,314.3432974683856,0.0,0.8481433345563355,0.8461538461538461,0.15384615384615385,22.15876261588092,414.0
pp_quantile_calibrated,HOUSEHOLD_1_188_TX_2,567.39672963,564.2062494251375,3.190480204862549,0.0,0.9877289222889901,0.9871794871794872,0.01282051282051282,7.233413454168429,52.0
pp_quantile_calibrated,HOUSEHOLD_1_190_WI_3,673.2599322808801,632.6127876101681,40.64714467071206,0.0,0.8768268343311756,0.9230769230769231,0.07692307692307693,8.110420353976513,66.0
pp_quantile_calibrated,HOUSEHOLD_1_191_TX_3,1909.14339822625,1909.14339822625,0.0,0.0,1.0,1.0,0.0,24.47619741315705,86.0
pp_quantile_calibrated,HOUSEHOLD_1_194_CA_1,674.9263512651798,674.9263512651798,0.0,0.0,1.0,1.0,0.0,8.652901939297177,35.0
pp_quantile_calibrated,HOUSEHOLD_1_195_CA_2,490.2281248869034,490.083182168151,0.14494271875242326,0.0,0.9990648856854681,0.9871794871794872,0.01282051282051282,6.283117720104499,31.0
pp_quantile_calibrated,HOUSEHOLD_1_201_TX_2,996.7718570558978,996.7718570558978,0.0,0.0,1.0,1.0,0.0,12.779126372511511,23.0
pp_quantile_calibrated,HOUSEHOLD_1_205_WI_3,903.2842880100627,880.2409888260809,23.043299183981798,0.0,0.9177025029143506,0.9487179487179487,0.05128205128205128,11.285140882385653,56.0
pp_quantile_calibrated,HOUSEHOLD_1_206_CA_4,539.3964372880621,535.906324473987,3.4901128140751636,0.0,0.9127471796481209,0.9871794871794872,0.01282051282051282,6.8705939035126535,8.0
pp_quantile_calibrated,HOUSEHOLD_1_207_TX_1,527.8542145319725,512.4125312060579,15.441683325914566,0.0,0.889702261957753,0.9615384615384616,0.038461538461538464,6.569391425718691,28.0
pp_quantile_calibrated,HOUSEHOLD_1_208_WI_3,1477.237777824492,1467.2439538575081,9.993823966983797,0.0,0.9871874051705336,0.9871794871794872,0.01282051282051282,18.810819921250104,156.0
pp_quantile_calibrated,HOUSEHOLD_1_211_TX_2,408.707459861024,401.9880727862968,6.719387074727194,0.0,0.9725739303072359,0.9743589743589743,0.02564102564102564,5.153693240849959,49.0
pp_quantile_calibrated,HOUSEHOLD_1_212_WI_2,817.0417270979972,794.0543534361658,22.987373661831434,0.0,0.9530869925268746,0.9615384615384616,0.038461538461538464,10.180184018412382,98.0
pp_quantile_calibrated,HOUSEHOLD_1_216_TX_1,224.57258696848754,224.57258696848754,0.0,0.0,1.0,1.0,0.0,2.879135730365225,9.0
pp_quantile_calibrated,HOUSEHOLD_1_217_WI_3,751.9829673358274,746.2051732724168,5.777794063410653,0.0,0.9857338418187391,0.9743589743589743,0.02564102564102564,9.56673299067201,81.0
pp_quantile_calibrated,HOUSEHOLD_1_218_CA_1,866.0584921447064,849.8612103581667,16.197281786539754,0.0,0.9562235627390818,0.9615384615384616,0.038461538461538464,10.895656543053418,74.0
pp_quantile_calibrated,HOUSEHOLD_1_219_TX_3,390.46431759919824,364.89876698216636,25.565550617031867,0.0,0.9102963136244496,0.9358974358974359,0.0641025641025641,4.678189320284184,57.0
pp_quantile_calibrated,HOUSEHOLD_1_220_TX_3,733.1325115910374,708.1739080512754,24.958603539762123,0.0,0.9546207208367962,0.9230769230769231,0.07692307692307693,9.079152667324044,110.0
pp_quantile_calibrated,HOUSEHOLD_1_221_CA_2,586.8066398650446,538.6150453360897,48.19159452895498,0.0,0.8697524472190405,0.9230769230769231,0.07692307692307693,6.905321094052431,74.0
pp_quantile_calibrated,HOUSEHOLD_1_224_WI_2,663.8504037218465,625.357639254682,38.492764467164534,0.0,0.8815607247164168,0.8974358974358975,0.10256410256410256,8.017405631470282,65.0
pp_quantile_calibrated,HOUSEHOLD_1_225_CA_4,700.5332735361926,662.3377963327736,38.1954772034191,0.0,0.8682914579192446,0.9230769230769231,0.07692307692307693,8.491510209394534,58.0
pp_quantile_calibrated,HOUSEHOLD_1_225_TX_2,1470.9023210258101,1400.7353933441802,70.16692768162994,0.0,0.9305277943746237,0.9230769230769231,0.07692307692307693,17.95814606851513,202.0
pp_quantile_calibrated,HOUSEHOLD_1_230_TX_3,479.4416288175258,465.387819155291,14.053809662234737,0.0,0.8438465593085029,0.9615384615384616,0.038461538461538464,5.966510501990911,18.0
pp_quantile_calibrated,HOUSEHOLD_1_238_CA_3,1072.634231421346,973.3016285244901,99.33260289685595,0.0,0.8937619220354482,0.8846153846153846,0.11538461538461539,12.478226006724231,187.0
pp_quantile_calibrated,HOUSEHOLD_1_244_CA_3,927.8571979690114,814.4582890591548,113.39890890985657,0.0,0.8536788272130883,0.8974358974358975,0.10256410256410256,10.44177293665583,155.0
pp_quantile_calibrated,HOUSEHOLD_1_246_CA_2,3619.508295870491,3187.9619283837724,431.54636748671874,0.0,0.8284109870828157,0.8461538461538461,0.15384615384615385,40.87130677415093,503.0
pp_quantile_calibrated,HOUSEHOLD_1_248_CA_4,332.6426859996011,327.57282641819614,5.069859581404961,0.0,0.9692735782945155,0.9487179487179487,0.05128205128205128,4.1996516207461045,33.0
pp_quantile_calibrated,HOUSEHOLD_1_249_WI_3,399.1278022504024,369.70379778725754,29.424004463144843,0.0,0.8528799776842758,0.9230769230769231,0.07692307692307693,4.739792279323814,40.0
pp_quantile_calibrated,HOUSEHOLD_1_264_TX_3,312.75121753906376,305.9704858350365,6.780731704027212,0.0,0.9410371156171548,0.9743589743589743,0.02564102564102564,3.9226985363466222,23.0
pp_quantile_calibrated,HOUSEHOLD_1_265_CA_3,385.02121758297466,353.80880735639073,31.212410226583938,0.0,0.8775983912682983,0.9358974358974359,0.0641025641025641,4.536010350722958,51.0
pp_quantile_calibrated,HOUSEHOLD_1_272_CA_3,19610.20000000001,19610.20000000001,0.0,0.0,1.0,1.0,0.0,251.41282051282067,186.0
pp_quantile_calibrated,HOUSEHOLD_1_298_TX_3,956.3670750095207,937.3670750095213,18.99999999999949,0.0,0.9000000000000027,0.9743589743589743,0.02564102564102564,12.01752660268617,38.0
pp_quantile_calibrated,HOUSEHOLD_1_304_CA_3,3193.3396527970453,2497.7475379127636,695.5921148842817,0.0,0.8261019712789296,0.8076923076923077,0.19230769230769232,32.02240433221492,800.0
pp_quantile_calibrated,HOUSEHOLD_1_304_CA_4,752.9698976890115,614.0379367235851,138.9319609654264,0.0,0.8147573853794315,0.8076923076923077,0.19230769230769232,7.872281240045963,150.0
pp_quantile_calibrated,HOUSEHOLD_1_309_TX_2,402.07396302398166,384.58267981198964,17.491283211992016,0.0,0.8250871678800799,0.9743589743589743,0.02564102564102564,4.93054717707679,20.0
pp_quantile_calibrated,HOUSEHOLD_1_314_TX_3,645.7104372404333,645.7104372404333,0.0,0.0,1.0,1.0,0.0,8.278338938979914,54.0
pp_quantile_calibrated,HOUSEHOLD_1_317_CA_1,1400.6257721285936,1400.6257721285936,0.0,0.0,1.0,1.0,0.0,17.9567406683153,100.0
pp_quantile_calibrated,HOUSEHOLD_1_317_TX_3,809.6845590268346,809.6845590268346,0.0,0.0,1.0,1.0,0.0,10.380571269574801,63.0
pp_quantile_calibrated,HOUSEHOLD_1_320_WI_3,382.3875830151782,361.09184434740746,21.295738667770774,0.0,0.8669016333264327,0.9358974358974359,0.0641025641025641,4.629382619838557,32.0
pp_quantile_calibrated,HOUSEHOLD_1_332_WI_3,102.5292710542702,83.74249535538506,18.786775698885137,0.0,0.24852897204459445,0.9615384615384616,0.038461538461538464,1.0736217353254496,5.0
pp_quantile_calibrated,HOUSEHOLD_1_333_WI_2,429.21998318088146,413.6340008252023,15.585982355679153,0.0,0.9291546256560039,0.9487179487179487,0.05128205128205128,5.303000010579517,44.0
pp_quantile_calibrated,HOUSEHOLD_1_338_WI_1,650.7643832160694,639.143208329958,11.621174886111412,0.0,0.9698151301659443,0.9615384615384616,0.038461538461538464,8.194143696537923,77.0
pp_quantile_calibrated,HOUSEHOLD_1_342_TX_2,815.0281976908794,756.7222351264456,58.3059625644338,0.0,0.8402576368097705,0.8974358974358975,0.10256410256410256,9.701567117005713,73.0
pp_quantile_calibrated,HOUSEHOLD_1_344_CA_1,1062.813798986054,1062.813798986054,0.0,0.0,1.0,1.0,0.0,13.625817935718642,45.0
pp_quantile_calibrated,HOUSEHOLD_1_344_TX_1,1862.941399583946,1613.7085991571275,249.23280042681836,0.0,0.8257113283728543,0.8333333333333334,0.16666666666666666,20.688571784065736,286.0
pp_quantile_calibrated,HOUSEHOLD_1_349_TX_2,985.8947655493384,970.2655783124833,15.629187236855131,0.0,0.9636530529375462,0.9615384615384616,0.038461538461538464,12.439302286057478,86.0
pp_quantile_calibrated,HOUSEHOLD_1_361_WI_3,1733.550397819162,1681.3890856635812,52.16131215558082,0.0,0.9400444687866888,0.9615384615384616,0.038461538461538464,21.556270329020272,174.0
pp_quantile_calibrated,HOUSEHOLD_1_368_TX_3,495.1175024535572,495.1175024535572,0.0,0.0,1.0,1.0,0.0,6.347660287866118,4.0
pp_quantile_calibrated,HOUSEHOLD_1_369_CA_1,873.1207508658354,662.5354076968212,210.58534316901427,0.0,0.7633872548662761,0.8205128205128205,0.1794871794871795,8.494043688420785,178.0
pp_quantile_calibrated,HOUSEHOLD_1_371_CA_1,734.9979888871379,719.8775270809753,15.12046180616263,0.0,0.9739302382652368,0.9615384615384616,0.038461538461538464,9.229199065140708,116.0
pp_quantile_calibrated,HOUSEHOLD_1_377_TX_1,278.3941584886384,273.29834462468733,5.095813863951095,0.0,0.9400492486593989,0.9743589743589743,0.02564102564102564,3.503824931085735,17.0
pp_quantile_calibrated,HOUSEHOLD_1_380_CA_1,563.4669391818468,540.2179474813996,23.248991700447164,0.0,0.9306000247747845,0.9102564102564102,0.08974358974358974,6.925871121556406,67.0
pp_quantile_calibrated,HOUSEHOLD_1_384_CA_2,456.798565930333,439.01025318530736,17.788312745025614,0.0,0.9452667300153058,0.9358974358974359,0.0641025641025641,5.6283365792988125,65.0
pp_quantile_calibrated,HOUSEHOLD_1_385_CA_3,2069.069294948448,1955.5401335923784,113.52916135606925,0.0,0.9362195722718711,0.9230769230769231,0.07692307692307693,25.07102735374844,356.0
pp_quantile_calibrated,HOUSEHOLD_1_386_CA_2,602.2150242204881,367.74011008127974,234.47491413920838,0.0,0.62181465461418,0.7307692307692307,0.2692307692307692,4.714616795913843,124.0
pp_quantile_calibrated,HOUSEHOLD_1_389_CA_1,3952.448847369208,3676.485692721488,275.9631546477201,0.0,0.8322412433752462,0.9102564102564102,0.08974358974358974,47.13443195796779,329.0
pp_quantile_calibrated,HOUSEHOLD_1_390_WI_2,1364.3644409777469,1219.5790517646176,144.78538921312935,0.0,0.8234324521791105,0.8589743589743589,0.14102564102564102,15.635628868777149,164.0
pp_quantile_calibrated,HOUSEHOLD_1_394_CA_3,820.242777258622,789.400089723706,30.84268753491605,0.0,0.9274289705060799,0.9230769230769231,0.07692307692307693,10.120513970816743,85.0
pp_quantile_calibrated,HOUSEHOLD_1_395_CA_3,846.965297891739,789.5319289573971,57.4333689343419,0.0,0.8335264668569801,0.9102564102564102,0.08974358974358974,10.122204217402526,69.0
pp_quantile_calibrated,HOUSEHOLD_1_396_TX_1,802.9940898642619,758.447290550258,44.54679931400397,0.0,0.9182627535522864,0.9358974358974359,0.0641025641025641,9.723683212182795,109.0
pp_quantile_calibrated,HOUSEHOLD_1_397_WI_1,971.6256393653096,767.9892488512392,203.63639051407034,0.0,0.7632134994022438,0.782051282051282,0.21794871794871795,9.846016010913322,172.0
pp_quantile_calibrated,HOUSEHOLD_1_398_CA_4,305.77145544405516,292.0742545202886,13.69720092376653,0.0,0.9086853271748898,0.9615384615384616,0.038461538461538464,3.7445417246190846,30.0
pp_quantile_calibrated,HOUSEHOLD_1_399_TX_3,2103.6105066762525,1376.298688509569,727.3118181666835,0.0,0.7638597992965312,0.7307692307692307,0.2692307692307692,17.64485498089191,616.0
pp_quantile_calibrated,HOUSEHOLD_1_401_CA_2,277.76337221741875,276.28962748959407,1.473744727824693,0.0,0.9866023206561391,0.9871794871794872,0.01282051282051282,3.5421747114050524,22.0
pp_quantile_calibrated,HOUSEHOLD_1_402_TX_2,238.2462361400797,232.89805237732645,5.3481837627532425,0.0,0.9603838239796055,0.9743589743589743,0.02564102564102564,2.98587246637598,27.0
pp_quantile_calibrated,HOUSEHOLD_1_404_TX_2,853.4627618821638,824.217227984518,29.245533897645863,0.0,0.9025148870078471,0.9358974358974359,0.0641025641025641,10.566887538263051,60.0
pp_quantile_calibrated,HOUSEHOLD_1_407_CA_4,557.6389421230739,517.9139224038703,39.7250197192036,0.0,0.7592423047320994,0.9358974358974359,0.0641025641025641,6.6399220821009015,33.0
pp_quantile_calibrated,HOUSEHOLD_1_411_WI_3,1374.5484165573891,1337.3613042090162,37.1871123483729,0.0,0.9329961939668957,0.9358974358974359,0.0641025641025641,17.14565774626944,111.0
pp_quantile_calibrated,HOUSEHOLD_1_415_CA_3,528.1648225268443,496.66111425346446,31.50370827337987,0.0,0.8983751346020005,0.9358974358974359,0.0641025641025641,6.367450182736724,62.0
pp_quantile_calibrated,HOUSEHOLD_1_419_WI_2,373.03539276545513,355.6754571177034,17.35993564775174,0.0,0.7685341913633101,0.9743589743589743,0.02564102564102564,4.559941757919274,15.0
pp_quantile_calibrated,HOUSEHOLD_1_421_WI_3,672.2060856070327,664.2667799835687,7.939305623464108,0.0,0.9763005802284653,0.9743589743589743,0.02564102564102564,8.516240769020111,67.0
pp_quantile_calibrated,HOUSEHOLD_1_423_CA_4,357.65237859055225,357.65237859055225,0.0,0.0,1.0,1.0,0.0,4.58528690500708,13.0
pp_quantile_calibrated,HOUSEHOLD_1_425_CA_4,715.4596810155319,635.634055383415,79.82562563211694,0.0,0.8053033521167879,0.8717948717948718,0.1282051282051282,8.149154556197628,82.0
pp_quantile_calibrated,HOUSEHOLD_1_431_TX_2,1436.9760004717396,1316.7969862072289,120.17901426451076,0.0,0.8804188912790937,0.8205128205128205,0.1794871794871795,16.882012643682422,201.0
pp_quantile_calibrated,HOUSEHOLD_1_433_WI_1,239.4235308859346,239.4235308859346,0.0,0.0,1.0,1.0,0.0,3.069532447255572,15.0
pp_quantile_calibrated,HOUSEHOLD_1_437_WI_1,1157.2662943138414,923.3080274771503,233.95826683669105,0.0,0.7929572859852292,0.7948717948717948,0.20512820512820512,11.837282403553209,226.0
pp_quantile_calibrated,HOUSEHOLD_1_439_WI_3,3501.9083289993077,3501.9083289993077,0.0,0.0,1.0,1.0,0.0,44.89626062819625,98.0
pp_quantile_calibrated,HOUSEHOLD_1_442_CA_4,321.994527428088,289.7905425436269,32.20398488446112,0.0,0.8870035618089084,0.9358974358974359,0.0641025641025641,3.7152633659439345,57.0
pp_quantile_calibrated,HOUSEHOLD_1_445_TX_3,1040.49765295168,782.8201592111277,257.6774937405524,0.0,0.7183852527425658,0.7307692307692307,0.2692307692307692,10.03615588732215,183.0
pp_quantile_calibrated,HOUSEHOLD_1_448_CA_4,960.7798427731722,925.8503999718915,34.92944280128061,0.0,0.9445564399979673,0.9615384615384616,0.038461538461538464,11.869876922716559,126.0
pp_quantile_calibrated,HOUSEHOLD_1_450_TX_2,712.9477079947831,669.1295056433923,43.81820235139074,0.0,0.879950130544135,0.8974358974358975,0.10256410256410256,8.578583405684517,73.0
pp_quantile_calibrated,HOUSEHOLD_1_458_CA_2,1015.9979164102446,872.0679597454243,143.92995666482022,0.0,0.8166497367327131,0.8205128205128205,0.1794871794871795,11.180358458274672,157.0
pp_quantile_calibrated,HOUSEHOLD_1_459_WI_2,17929.5917455281,15408.73767505421,2520.8540704738916,0.0,0.7860963877408661,0.7692307692307693,0.23076923076923078,197.5479189109514,2357.0
pp_quantile_calibrated,HOUSEHOLD_1_462_WI_1,2670.0340789516736,2540.5655678905646,129.46851106110879,0.0,0.6880276841900993,0.9230769230769231,0.07692307692307693,32.57135343449442,83.0
pp_quantile_calibrated,HOUSEHOLD_1_467_CA_1,529.3201528577447,529.3201528577447,0.0,0.0,1.0,1.0,0.0,6.786155805868522,58.0
pp_quantile_calibrated,HOUSEHOLD_1_473_WI_2,3541.2610799709164,3054.7278356363977,486.5332443345188,0.0,0.8345125019270343,0.8205128205128205,0.1794871794871795,39.163177379953815,588.0
pp_quantile_calibrated,HOUSEHOLD_1_474_TX_2,7082.231808137205,6038.366308405108,1043.8654997320978,0.0,0.7677718576791774,0.7435897435897436,0.2564102564102564,77.41495267186035,899.0
pp_quantile_calibrated,HOUSEHOLD_1_481_CA_1,783.3176413793902,659.6433950721824,123.67424630720777,0.0,0.8194536550259741,0.8205128205128205,0.1794871794871795,8.45696660348952,137.0
pp_quantile_calibrated,HOUSEHOLD_1_482_WI_1,707.071498492351,653.5148093208422,53.55668917150874,0.0,0.8326353463390352,0.8974358974358975,0.10256410256410256,8.378394991292849,64.0
pp_quantile_calibrated,HOUSEHOLD_1_491_TX_1,808.2308790036262,773.537800819516,34.69307818411032,0.0,0.8994403530895353,0.9358974358974359,0.0641025641025641,9.917151292557897,69.0
pp_quantile_calibrated,HOUSEHOLD_1_491_WI_3,548.1928605013836,538.1774615722011,10.01539892918256,0.0,0.9599384042832697,0.9615384615384616,0.038461538461538464,6.89971104579745,50.0
pp_quantile_calibrated,HOUSEHOLD_1_492_WI_2,604.1906096783409,597.2264838024847,6.964125875856189,0.0,0.8928596019099048,0.9743589743589743,0.02564102564102564,7.656749792339547,13.0
pp_quantile_calibrated,HOUSEHOLD_1_494_CA_2,1217.2712517084606,1126.106459900867,91.16479180759359,0.0,0.9167444823674943,0.9102564102564102,0.08974358974358974,14.437262306421372,219.0
pp_quantile_calibrated,HOUSEHOLD_1_494_TX_1,1310.2076349294605,1144.420077413991,165.78755751546936,0.0,0.8840646450940773,0.8846153846153846,0.11538461538461539,14.672052274538347,286.0
pp_quantile_calibrated,HOUSEHOLD_1_500_TX_3,187.63778865223765,187.63778865223765,0.0,0.0,1.0,1.0,0.0,2.4056126750286877,6.0
pp_quantile_calibrated,HOUSEHOLD_1_501_TX_3,363.5544948494021,363.5544948494021,0.0,0.0,1.0,1.0,0.0,4.660955062171822,7.0
pp_quantile_calibrated,HOUSEHOLD_1_503_WI_1,627.483490255448,608.0790333226072,19.404456932840883,0.0,0.9573528419058444,0.9615384615384616,0.038461538461538464,7.795885042597528,91.0
pp_quantile_calibrated,HOUSEHOLD_1_504_CA_3,568.5762026096164,543.6288546516275,24.947347957988928,0.0,0.8440790752625692,0.9615384615384616,0.038461538461538464,6.969600700661892,32.0
pp_quantile_calibrated,HOUSEHOLD_1_504_WI_3,857.9848985362971,851.6283085099202,6.356590026376869,0.0,0.818383142103518,0.9871794871794872,0.01282051282051282,10.91831164756308,7.0
pp_quantile_calibrated,HOUSEHOLD_1_507_WI_3,1547.0,1547.0,0.0,0.0,1.0,1.0,0.0,19.833333333333332,11.0
pp_quantile_calibrated,HOUSEHOLD_1_510_CA_4,831.069689369317,732.8345777879133,98.23511158140363,0.0,0.8376279147414816,0.9102564102564102,0.08974358974358974,9.395315099845043,121.0
pp_quantile_calibrated,HOUSEHOLD_1_510_TX_1,889.9440002838389,869.6610953876318,20.282904896207157,0.0,0.9479925515481867,0.9871794871794872,0.01282051282051282,11.149501222918357,78.0
pp_quantile_calibrated,HOUSEHOLD_1_520_CA_1,755.0582617755807,726.9887936681686,28.06946810741218,0.0,0.8997518996163851,0.9615384615384616,0.038461538461538464,9.320369149591905,56.0
pp_quantile_calibrated,HOUSEHOLD_1_521_CA_2,2450.0313728024094,1816.980409122358,633.0509636800516,0.0,0.6956485751538213,0.7564102564102564,0.24358974358974358,23.29462062977382,416.0
pp_quantile_calibrated,HOUSEHOLD_1_521_TX_3,17088.4328685196,17066.4328685196,21.999999999999318,0.0,0.9948356807511739,0.9871794871794872,0.01282051282051282,218.80042139127696,852.0
pp_quantile_calibrated,HOUSEHOLD_1_527_WI_2,858.671727108019,732.0900521832638,126.58167492475528,0.0,0.6044322658601398,0.8205128205128205,0.1794871794871795,9.385769899785434,64.0
pp_quantile_calibrated,HOUSEHOLD_1_529_CA_2,730.8042723730962,579.6577785409039,151.14649383219228,0.0,0.6817968550901216,0.8205128205128205,0.1794871794871795,7.431509981293639,95.0
pp_quantile_calibrated,HOUSEHOLD_1_531_TX_1,504.7746731880072,490.4023319103957,14.372341277611564,0.0,0.9486702097228158,0.9615384615384616,0.038461538461538464,6.287209383466611,56.0
pp_quantile_calibrated,HOUSEHOLD_1_533_WI_1,493.05864270731416,485.1042588777237,7.95438382959051,0.0,0.959208288053382,0.9871794871794872,0.01282051282051282,6.219285370227227,39.0
pp_quantile_calibrated,HOUSEHOLD_1_534_CA_2,907.409544880629,878.5312420381224,28.878302842506578,0.0,0.9124899913863437,0.9615384615384616,0.038461538461538464,11.2632210517708,66.0
pp_quantile_calibrated,HOUSEHOLD_1_534_CA_4,506.21404245594846,489.4881742237968,16.725868232151626,0.0,0.9256628078571039,0.9487179487179487,0.05128205128205128,6.2754894131256,45.0
pp_quantile_calibrated,HOUSEHOLD_1_534_TX_1,655.8935874150419,637.9155511831486,17.978036231893277,0.0,0.9028214257735498,0.9615384615384616,0.038461538461538464,8.178404502348059,37.0
pp_quantile_calibrated,HOUSEHOLD_1_537_CA_3,1515.3814276513388,1507.7547993692347,7.626628282104058,0.0,0.99184317830791,0.9871794871794872,0.01282051282051282,19.33018973550301,187.0
pp_quantile_calibrated,HOUSEHOLD_1_537_TX_1,1017.3670103454847,958.7839139814777,58.58309636400698,0.0,0.8904988853009216,0.9230769230769231,0.07692307692307693,12.292101461300996,107.0
pp_quantile_calibrated,HOUSEHOLD_1_541_CA_2,1559.6961456193621,1506.3554018156192,53.34074380374304,0.0,0.9444367252044342,0.9358974358974359,0.0641025641025641,19.312248741225886,192.0
pp_quantile_calibrated,HOUSEHOLD_2_001_WI_2,208.70108831075083,207.69228439916216,1.0088039115886582,0.0,0.97758213529803,0.9871794871794872,0.01282051282051282,2.662721594861053,9.0
pp_quantile_calibrated,HOUSEHOLD_2_004_CA_4,397.30343306886215,397.30343306886215,0.0,0.0,1.0,1.0,0.0,5.093633757293104,6.0
pp_quantile_calibrated,HOUSEHOLD_2_008_WI_2,574.9558122575152,574.9558122575152,0.0,0.0,1.0,1.0,0.0,7.371228362275835,0.0
pp_quantile_calibrated,HOUSEHOLD_2_009_CA_1,306.860972016682,274.7263197939374,32.134652222744585,0.0,0.8352069116782329,0.8846153846153846,0.11538461538461539,3.5221323050504796,39.0
pp_quantile_calibrated,HOUSEHOLD_2_010_CA_3,340.55759548531984,330.46292464424846,10.094670841071377,0.0,0.9082302650811694,0.9615384615384616,0.038461538461538464,4.23670416210575,22.0
pp_quantile_calibrated,HOUSEHOLD_2_013_WI_3,138.5807715310576,134.8332309987492,3.747540532308382,0.0,0.9250491893538324,0.9871794871794872,0.01282051282051282,1.7286311666506309,10.0
pp_quantile_calibrated,HOUSEHOLD_2_015_CA_1,547.7984416388421,532.8271641889619,14.971277449880214,0.0,0.9401148902004792,0.9615384615384616,0.038461538461538464,6.831117489602075,50.0
pp_quantile_calibrated,HOUSEHOLD_2_017_CA_1,379.5125661340677,369.7511301439976,9.761435990070062,0.0,0.9326797517926203,0.9871794871794872,0.01282051282051282,4.740399104410225,29.0
pp_quantile_calibrated,HOUSEHOLD_2_021_CA_2,700.4567574892669,700.4567574892669,0.0,0.0,1.0,1.0,0.0,8.980214839605987,31.0
pp_quantile_calibrated,HOUSEHOLD_2_029_WI_2,495.78168450678334,449.55905495792865,46.222629548854684,0.0,0.8033079593665758,0.8974358974358975,0.10256410256410256,5.763577627665752,47.0
pp_quantile_calibrated,HOUSEHOLD_2_032_WI_2,288.97748323884804,288.97748323884804,0.0,0.0,1.0,1.0,0.0,3.70483952870318,7.0
pp_quantile_calibrated,HOUSEHOLD_2_034_CA_2,185.98983035977432,171.75837710325987,14.231453256514456,0.0,0.8418727415942838,0.9615384615384616,0.038461538461538464,2.202030475682819,18.0
pp_quantile_calibrated,HOUSEHOLD_2_034_CA_3,310.62748698189813,309.46883437195766,1.1586526099404582,0.0,0.9834478198579936,0.9871794871794872,0.01282051282051282,3.9675491586148417,14.0
pp_quantile_calibrated,HOUSEHOLD_2_038_TX_1,219.96035662708968,208.68263097493744,11.277725652152252,0.0,0.7949504426881409,0.9743589743589743,0.02564102564102564,2.675418345832531,11.0
pp_quantile_calibrated,HOUSEHOLD_2_042_WI_2,417.5235513314156,417.5235513314156,0.0,0.0,1.0,1.0,0.0,5.352866042710456,2.0
pp_quantile_calibrated,HOUSEHOLD_2_043_TX_2,160.11757650036927,146.18471360590706,13.932862894462215,0.0,0.8360839659475033,0.9743589743589743,0.02564102564102564,1.8741629949475265,17.0
pp_quantile_calibrated,HOUSEHOLD_2_045_CA_4,319.10159707695937,295.4854965818938,23.616100495065556,0.0,0.7514094684729941,0.9358974358974359,0.0641025641025641,3.788275597203767,19.0
pp_quantile_calibrated,HOUSEHOLD_2_047_TX_2,828.2584392315935,803.3954426761267,24.862996555466765,0.0,0.8756850172226661,0.9358974358974359,0.0641025641025641,10.299941572770855,40.0
pp_quantile_calibrated,HOUSEHOLD_2_057_WI_3,221.5711183426539,217.8746412773175,3.6964770653364143,0.0,0.9383920489110599,0.9871794871794872,0.01282051282051282,2.7932646317604806,12.0
pp_quantile_calibrated,HOUSEHOLD_2_058_TX_2,562.0226076871926,518.5328817044395,43.489725982753,0.0,0.8023194273511227,0.8846153846153846,0.11538461538461539,6.647857457749225,44.0
pp_quantile_calibrated,HOUSEHOLD_2_063_TX_2,218.4279464699096,216.47609572224968,1.9518507476599334,0.0,0.9674691542056678,0.9871794871794872,0.01282051282051282,2.7753345605416624,12.0
pp_quantile_calibrated,HOUSEHOLD_2_067_CA_2,971.508394630077,902.2573496593155,69.25104497076147,0.0,0.8717573241282195,0.8974358974358975,0.10256410256410256,11.567401918709173,108.0
pp_quantile_calibrated,HOUSEHOLD_2_073_WI_3,169.16365482904843,169.02729854155288,0.1363562874955515,0.0,0.9909095808336299,0.9871794871794872,0.01282051282051282,2.1670166479686266,3.0
pp_quantile_calibrated,HOUSEHOLD_2_075_CA_4,523.8581480308596,501.4461404285577,22.412007602301856,0.0,0.8820420652510429,0.9358974358974359,0.0641025641025641,6.428796672160996,38.0
pp_quantile_calibrated,HOUSEHOLD_2_075_WI_3,619.9728256237042,592.7357897031615,27.237035920542816,0.0,0.8527727788078767,0.9358974358974359,0.0641025641025641,7.5991767910661725,37.0
pp_quantile_calibrated,HOUSEHOLD_2_077_CA_3,272.7557283221613,265.6740400544024,7.081688267758932,0.0,0.8426291496053571,0.9871794871794872,0.01282051282051282,3.4060774365949023,9.0
pp_quantile_calibrated,HOUSEHOLD_2_079_TX_1,250.62178233290987,243.00794554181832,7.6138367910915505,0.0,0.8912309029844064,0.9871794871794872,0.01282051282051282,3.115486481305363,14.0
pp_quantile_calibrated,HOUSEHOLD_2_087_CA_3,305.40598544406595,305.40598544406595,0.0,0.0,1.0,1.0,0.0,3.915461351846999,7.0
pp_quantile_calibrated,HOUSEHOLD_2_089_TX_2,527.6928608548003,495.90963419370235,31.78322666109799,0.0,0.8884799064522877,0.9487179487179487,0.05128205128205128,6.357815822996184,57.0
pp_quantile_calibrated,HOUSEHOLD_2_095_CA_2,573.2908389054267,539.0548605948437,34.23597831058296,0.0,0.8288201084470852,0.9743589743589743,0.02564102564102564,6.9109597512159455,40.0
pp_quantile_calibrated,HOUSEHOLD_2_095_TX_3,435.5990645595785,432.59906455957866,2.9999999999998295,0.0,0.9760000000000013,0.9871794871794872,0.01282051282051282,5.546141853327931,25.0
pp_quantile_calibrated,HOUSEHOLD_2_110_CA_1,1064.5024680114905,938.13482790063,126.36764011086044,0.0,0.8486615088492687,0.8717948717948718,0.1282051282051282,12.027369588469615,167.0
pp_quantile_calibrated,HOUSEHOLD_2_120_TX_2,480.1138147719664,453.673400358067,26.44041441389943,0.0,0.8489119176348604,0.9615384615384616,0.038461538461538464,5.816325645616244,35.0
pp_quantile_calibrated,HOUSEHOLD_2_123_TX_1,519.1130078646014,474.92780235580193,44.1852055087995,0.0,0.7895942594819071,0.8974358974358975,0.10256410256410256,6.088817978920537,42.0
pp_quantile_calibrated,HOUSEHOLD_2_129_CA_2,382.82538917904424,382.82538917904424,0.0,0.0,1.0,1.0,0.0,4.908017809987746,14.0
pp_quantile_calibrated,HOUSEHOLD_2_138_CA_3,301.9095496283261,301.9095496283261,0.0,0.0,1.0,1.0,0.0,3.8706352516452065,4.0
pp_quantile_calibrated,HOUSEHOLD_2_139_TX_2,396.538642181454,325.8214104907376,70.7172316907164,0.0,0.6990756098267388,0.8589743589743589,0.14102564102564102,4.177197570394072,47.0
pp_quantile_calibrated,HOUSEHOLD_2_143_CA_1,445.26581129356816,433.9866249113031,11.279186382265035,0.0,0.8974619419794088,0.9743589743589743,0.02564102564102564,5.56393108860645,22.0
pp_quantile_calibrated,HOUSEHOLD_2_146_WI_1,698.360112406786,631.5711127655977,66.78899964118827,0.0,0.7031600015947188,0.8589743589743589,0.14102564102564102,8.097065548276893,45.0
pp_quantile_calibrated,HOUSEHOLD_2_147_CA_3,221.4661733176459,221.4661733176459,0.0,0.0,1.0,1.0,0.0,2.8393099143287936,5.0
pp_quantile_calibrated,HOUSEHOLD_2_149_TX_1,227.39418319629883,227.39418319629883,0.0,0.0,1.0,1.0,0.0,2.91531004097819,6.0
pp_quantile_calibrated,HOUSEHOLD_2_150_CA_2,354.05943986980446,342.328829383912,11.730610485892417,0.0,0.9289053909945916,0.9615384615384616,0.038461538461538464,4.38883114594759,33.0
pp_quantile_calibrated,HOUSEHOLD_2_158_TX_3,302.81955132329864,302.81955132329864,0.0,0.0,1.0,1.0,0.0,3.8823019400422902,0.0
pp_quantile_calibrated,HOUSEHOLD_2_159_CA_2,681.3460451691784,678.9341376101329,2.4119075590455097,0.0,0.9895134453954543,0.9871794871794872,0.01282051282051282,8.704283815514524,46.0
pp_quantile_calibrated,HOUSEHOLD_2_160_WI_1,381.5524676157414,375.07391772239123,6.478549893350207,0.0,0.9683973175934136,0.9743589743589743,0.02564102564102564,4.808639970799888,41.0
pp_quantile_calibrated,HOUSEHOLD_2_164_CA_1,881.0,881.0,0.0,0.0,1.0,1.0,0.0,11.294871794871796,12.0
pp_quantile_calibrated,HOUSEHOLD_2_176_TX_2,2760.6733259402454,2408.0992656636945,352.5740602765511,0.0,0.7037192770785285,0.7435897435897436,0.2564102564102564,30.873067508508903,238.0
pp_quantile_calibrated,HOUSEHOLD_2_179_CA_1,319.290686765521,307.61399306676344,11.676693698757562,0.0,0.9165950450088746,0.9615384615384616,0.038461538461538464,3.9437691418815826,28.0
pp_quantile_calibrated,HOUSEHOLD_2_184_WI_3,474.5692014888452,440.4190021723097,34.15019931653545,0.0,0.8515208725368025,0.9230769230769231,0.07692307692307693,5.646397463747561,46.0
pp_quantile_calibrated,HOUSEHOLD_2_190_WI_1,749.4447992911929,742.1982905425567,7.2465087486361845,0.0,0.9670613238698355,0.9743589743589743,0.02564102564102564,9.515362699263548,44.0
pp_quantile_calibrated,HOUSEHOLD_2_193_TX_1,893.7444618784948,883.1750392266076,10.569422651887228,0.0,0.9039143395282978,0.9615384615384616,0.038461538461538464,11.322756913161637,22.0
pp_quantile_calibrated,HOUSEHOLD_2_203_CA_1,782.8960549561314,619.4896184564913,163.40643649964005,0.0,0.5523111328776985,0.8205128205128205,0.1794871794871795,7.942174595596041,73.0
pp_quantile_calibrated,HOUSEHOLD_2_207_WI_3,211.97820393099087,211.97820393099087,0.0,0.0,1.0,1.0,0.0,2.7176692811665495,3.0
pp_quantile_calibrated,HOUSEHOLD_2_208_CA_3,331.93325163126224,331.93325163126224,0.0,0.0,1.0,1.0,0.0,4.255554508093105,9.0
pp_quantile_calibrated,HOUSEHOLD_2_217_TX_1,559.9627325653493,459.90244875446007,100.06028381088919,0.0,0.7824776438893714,0.8205128205128205,0.1794871794871795,5.896185240441795,92.0
pp_quantile_calibrated,HOUSEHOLD_2_218_CA_1,360.0,360.0,0.0,0.0,1.0,1.0,0.0,4.615384615384615,6.0
pp_quantile_calibrated,HOUSEHOLD_2_224_TX_1,235.41044059925161,235.41044059925161,0.0,0.0,1.0,1.0,0.0,3.018082571785277,6.0
pp_quantile_calibrated,HOUSEHOLD_2_226_TX_3,436.50886555491627,436.50886555491627,0.0,0.0,1.0,1.0,0.0,5.5962675071143115,28.0
pp_quantile_calibrated,HOUSEHOLD_2_226_WI_1,425.9985801171256,361.94400074101566,64.05457937610991,0.0,0.6715149775584107,0.8589743589743589,0.14102564102564102,4.640307701807893,39.0
pp_quantile_calibrated,HOUSEHOLD_2_234_WI_3,285.43892133874135,285.43892133874135,0.0,0.0,1.0,1.0,0.0,3.659473350496684,9.0
pp_quantile_calibrated,HOUSEHOLD_2_237_CA_2,296.61695914656883,296.61695914656883,0.0,0.0,1.0,1.0,0.0,3.8027815275201133,12.0
pp_quantile_calibrated,HOUSEHOLD_2_238_CA_1,463.1110043830662,448.234495298297,14.876509084769163,0.0,0.9008232727682056,0.9743589743589743,0.02564102564102564,5.74659609356791,30.0
pp_quantile_calibrated,HOUSEHOLD_2_241_CA_2,318.47651052966944,315.7264957350057,2.750014794663729,0.0,0.969444280059292,0.9871794871794872,0.01282051282051282,4.047775586346227,18.0
pp_quantile_calibrated,HOUSEHOLD_2_249_WI_1,824.0,824.0,0.0,0.0,1.0,1.0,0.0,10.564102564102564,7.0
pp_quantile_calibrated,HOUSEHOLD_2_257_TX_1,367.5399460513194,340.63543520818115,26.904510843138276,0.0,0.8545702116587119,0.9487179487179487,0.05128205128205128,4.367120964207451,37.0
pp_quantile_calibrated,HOUSEHOLD_2_259_CA_2,553.9343739034605,543.0235082538675,10.910865649593013,0.0,0.961032622680025,0.9615384615384616,0.038461538461538464,6.961839849408557,56.0
pp_quantile_calibrated,HOUSEHOLD_2_259_TX_3,239.89145529772213,239.28408946411653,0.607365833605602,0.0,0.9898772361065733,0.9871794871794872,0.01282051282051282,3.0677447367194426,12.0
pp_quantile_calibrated,HOUSEHOLD_2_260_WI_1,270.4747148670458,260.65180032797065,9.822914539075134,0.0,0.8772135682615608,0.9743589743589743,0.02564102564102564,3.3416897477944953,16.0
pp_quantile_calibrated,HOUSEHOLD_2_263_TX_2,372.5798171563574,343.8205921847748,28.75922497158261,0.0,0.73855250025834,0.9487179487179487,0.05128205128205128,4.407956310061215,22.0
pp_quantile_calibrated,HOUSEHOLD_2_263_TX_3,585.0538059502779,585.0538059502779,0.0,0.0,1.0,1.0,0.0,7.500689819875358,6.0
pp_quantile_calibrated,HOUSEHOLD_2_264_WI_3,359.9226544558605,345.29751838771335,14.625136068147153,0.0,0.9139697878344285,0.9615384615384616,0.038461538461538464,4.42689126138094,34.0
pp_quantile_calibrated,HOUSEHOLD_2_265_WI_1,330.23566290570994,302.5634397463647,27.67222315934527,0.0,0.7871367449281134,0.9615384615384616,0.038461538461538464,3.8790184582867266,26.0
pp_quantile_calibrated,HOUSEHOLD_2_275_CA_2,528.4920728696613,519.0242865940335,9.467786275627876,0.0,0.9605508905182173,0.9743589743589743,0.02564102564102564,6.654157520436327,48.0
pp_quantile_calibrated,HOUSEHOLD_2_280_TX_2,379.67989107186656,362.02579870281517,17.654092369051426,0.0,0.8823060508729905,0.9615384615384616,0.038461538461538464,4.641356393625835,30.0
pp_quantile_calibrated,HOUSEHOLD_2_280_WI_3,244.68978709430462,241.9772900760781,2.7124970182265074,0.0,0.9660937872721687,0.9743589743589743,0.02564102564102564,3.102272949693309,16.0
pp_quantile_calibrated,HOUSEHOLD_2_288_TX_3,385.11284130099307,385.11284130099307,0.0,0.0,1.0,1.0,0.0,4.937344119243501,13.0
pp_quantile_calibrated,HOUSEHOLD_2_294_CA_1,1928.2343401378168,1870.3978196128014,57.83652052501534,0.0,0.8967204990624725,0.9615384615384616,0.038461538461538464,23.979459225805147,112.0
pp_quantile_calibrated,HOUSEHOLD_2_294_WI_3,1050.5555471313935,1018.5026487850475,32.052898346346,0.0,0.9406427808401,0.9487179487179487,0.05128205128205128,13.057726266474969,108.0
pp_quantile_calibrated,HOUSEHOLD_2_307_TX_1,262.4087016133982,262.4087016133982,0.0,0.0,1.0,1.0,0.0,3.364214123248695,3.0
pp_quantile_calibrated,HOUSEHOLD_2_308_WI_3,287.7309518450514,254.27317074848074,33.45778109657063,0.0,0.6063790459226984,0.9358974358974359,0.0641025641025641,3.2599124454933426,17.0
pp_quantile_calibrated,HOUSEHOLD_2_311_TX_2,507.44463874862583,467.4107637779181,40.03387497070774,0.0,0.7946980770732937,0.9358974358974359,0.0641025641025641,5.992445689460488,39.0
pp_quantile_calibrated,HOUSEHOLD_2_314_TX_1,430.97290290074324,420.9463664877421,10.026536413001113,0.0,0.8997346358699888,0.9615384615384616,0.038461538461538464,5.396748288304386,20.0
pp_quantile_calibrated,HOUSEHOLD_2_316_CA_4,190.7080372284411,179.85663272412637,10.851404504314734,0.0,0.8794288388409475,0.9487179487179487,0.05128205128205128,2.305854265693928,18.0
pp_quantile_calibrated,HOUSEHOLD_2_326_TX_2,209.25768633708032,199.52705953058816,9.730626806492149,0.0,0.8702583092467714,0.9743589743589743,0.02564102564102564,2.55803922475113,15.0
pp_quantile_calibrated,HOUSEHOLD_2_330_CA_2,384.53995226740403,373.57323547500033,10.966716792403721,0.0,0.8629160400949535,0.9743589743589743,0.02564102564102564,4.789400454807697,16.0
pp_quantile_calibrated,HOUSEHOLD_2_333_WI_2,601.8472604115545,601.8472604115545,0.0,0.0,1.0,1.0,0.0,7.715990518096853,17.0
pp_quantile_calibrated,HOUSEHOLD_2_337_CA_2,198.33166406910757,190.6898243374239,7.641839731683677,0.0,0.9412166174485871,0.9615384615384616,0.038461538461538464,2.4447413376592806,26.0
pp_quantile_calibrated,HOUSEHOLD_2_338_WI_3,534.7585256137083,528.0073882087854,6.751137404922982,0.0,0.8772520471832185,0.9871794871794872,0.01282051282051282,6.769325489856223,11.0
pp_quantile_calibrated,HOUSEHOLD_2_342_CA_1,509.14488519011314,466.21276543201054,42.932119758102594,0.0,0.81333860974738,0.9102564102564102,0.08974358974358974,5.977086736307827,46.0
pp_quantile_calibrated,HOUSEHOLD_2_345_CA_1,416.77426434653734,407.9119050185566,8.862359327980762,0.0,0.9556882033600962,0.9871794871794872,0.01282051282051282,5.229639807930212,40.0
pp_quantile_calibrated,HOUSEHOLD_2_346_TX_3,699.3105144825789,677.0970690950064,22.213445387572506,0.0,0.948340824680064,0.9487179487179487,0.05128205128205128,8.680731655064184,86.0
pp_quantile_calibrated,HOUSEHOLD_2_348_TX_1,712.5441350587561,655.6762696440123,56.86786541474375,0.0,0.8327415723095771,0.9102564102564102,0.08974358974358974,8.40610602107708,68.0
pp_quantile_calibrated,HOUSEHOLD_2_354_TX_1,407.7411644049281,400.24169666651073,7.499467738417387,0.0,0.9318230205598419,0.9743589743589743,0.02564102564102564,5.131303803416804,22.0
pp_quantile_calibrated,HOUSEHOLD_2_354_TX_2,1020.8437288877153,950.0281723717007,70.81555651601454,0.0,0.7167377739359417,0.8974358974358975,0.10256410256410256,12.179848363739753,50.0
pp_quantile_calibrated,HOUSEHOLD_2_355_CA_3,518.7486963624073,518.7486963624073,0.0,0.0,1.0,1.0,0.0,6.650624312338555,29.0
pp_quantile_calibrated,HOUSEHOLD_2_355_TX_2,327.74299391463944,327.74299391463944,0.0,0.0,1.0,1.0,0.0,4.20183325531589,21.0
pp_quantile_calibrated,HOUSEHOLD_2_358_CA_4,269.44549809975155,269.44549809975155,0.0,0.0,1.0,1.0,0.0,3.4544294628173273,1.0
pp_quantile_calibrated,HOUSEHOLD_2_358_WI_2,222.03249219336303,214.50772767189173,7.524764521471292,0.0,0.9059404434816088,0.9743589743589743,0.02564102564102564,2.750099072716561,16.0
pp_quantile_calibrated,HOUSEHOLD_2_370_TX_2,279.39511230507634,260.0278726271058,19.367239677970524,0.0,0.8315892201915607,0.9487179487179487,0.05128205128205128,3.3336906747064847,23.0
pp_quantile_calibrated,HOUSEHOLD_2_373_WI_3,254.0784991743586,254.0784991743586,0.0,0.0,1.0,1.0,0.0,3.2574166560815203,10.0
pp_quantile_calibrated,HOUSEHOLD_2_382_TX_3,688.5378189513742,631.9714827587262,56.56633619264803,0.0,0.7369007618946604,0.8974358974358975,0.10256410256410256,8.102198496906746,43.0
pp_quantile_calibrated,HOUSEHOLD_2_385_WI_1,339.85734577392503,339.85734577392503,0.0,0.0,1.0,1.0,0.0,4.357145458640065,15.0
pp_quantile_calibrated,HOUSEHOLD_2_392_CA_4,213.28769870126476,205.71621520577912,7.571483495485632,0.0,0.8485703300902874,0.9743589743589743,0.02564102564102564,2.637387374433066,10.0
pp_quantile_calibrated,HOUSEHOLD_2_396_TX_3,197.76206181962687,152.65055335469748,45.11150846492937,0.0,0.5703665860482917,0.8846153846153846,0.11538461538461539,1.9570583763422753,21.0
pp_quantile_calibrated,HOUSEHOLD_2_396_WI_2,209.32665215497892,209.32665215497892,0.0,0.0,1.0,1.0,0.0,2.6836750276279346,6.0
pp_quantile_calibrated,HOUSEHOLD_2_397_WI_2,261.3260679056637,261.3260679056637,0.0,0.0,1.0,1.0,0.0,3.3503342039187656,4.0
pp_quantile_calibrated,HOUSEHOLD_2_401_TX_3,684.4014557229873,598.7580732769254,85.6433824460619,0.0,0.7885348581578718,0.8846153846153846,0.11538461538461539,7.676385554832377,81.0
pp_quantile_calibrated,HOUSEHOLD_2_405_CA_4,376.78299410778015,366.78299410778015,10.0,0.0,0.8,0.9743589743589743,0.02564102564102564,4.702346078304874,10.0
pp_quantile_calibrated,HOUSEHOLD_2_412_CA_1,335.6575480695825,334.7508220223092,0.906726047273323,0.0,0.9697757984242226,0.9871794871794872,0.01282051282051282,4.291677205414221,6.0
pp_quantile_calibrated,HOUSEHOLD_2_417_TX_1,248.65929908900608,248.65929908900608,0.0,0.0,1.0,1.0,0.0,3.187939731910334,5.0
pp_quantile_calibrated,HOUSEHOLD_2_418_CA_2,571.9692067874931,571.9692067874931,0.0,0.0,1.0,1.0,0.0,7.332938548557604,21.0
pp_quantile_calibrated,HOUSEHOLD_2_420_CA_3,877.1006750732398,807.1006750732398,70.0,0.0,0.6111111111111112,0.9102564102564102,0.08974358974358974,10.347444552221024,36.0
pp_quantile_calibrated,HOUSEHOLD_2_424_CA_1,365.04405641711065,346.842892461726,18.20116395538463,0.0,0.834534873132867,0.9487179487179487,0.05128205128205128,4.446703749509308,22.0
pp_quantile_calibrated,HOUSEHOLD_2_424_CA_4,358.42031603834664,349.1181764772973,9.302139561049355,0.0,0.8139572087790128,0.9743589743589743,0.02564102564102564,4.475874057401247,10.0
pp_quantile_calibrated,HOUSEHOLD_2_428_CA_4,338.222028643996,338.222028643996,0.0,0.0,1.0,1.0,0.0,4.336179854410205,0.0
pp_quantile_calibrated,HOUSEHOLD_2_429_WI_3,183.6441791369608,175.1455426191316,8.4986365178292,0.0,0.830027269643416,0.9743589743589743,0.02564102564102564,2.2454556746042513,10.0
pp_quantile_calibrated,HOUSEHOLD_2_432_TX_3,373.19644169351204,370.59512976217485,2.6013119313371735,0.0,0.9807310227308358,0.9871794871794872,0.01282051282051282,4.751219612335575,27.0
pp_quantile_calibrated,HOUSEHOLD_2_436_CA_2,566.9455655519711,566.9455655519711,0.0,0.0,1.0,1.0,0.0,7.268532891691937,38.0
pp_quantile_calibrated,HOUSEHOLD_2_440_TX_2,1423.1852282029538,1348.5150580697793,74.67017013317452,0.0,0.8997715837138598,0.9358974358974359,0.0641025641025641,17.288654590638195,149.0
pp_quantile_calibrated,HOUSEHOLD_2_445_WI_2,244.1916196298455,244.1916196298455,0.0,0.0,1.0,1.0,0.0,3.1306617901262244,2.0
pp_quantile_calibrated,HOUSEHOLD_2_446_CA_3,317.8127090011254,307.6934598254129,10.119249175712515,0.0,0.8443192434505767,0.9615384615384616,0.038461538461538464,3.9447879464796527,13.0
pp_quantile_calibrated,HOUSEHOLD_2_451_TX_1,706.9450630359222,614.2688214919967,92.67624154392551,0.0,0.8200461329244165,0.8589743589743589,0.14102564102564102,7.875241301179445,103.0
pp_quantile_calibrated,HOUSEHOLD_2_451_WI_2,758.3192111905872,692.7915468491021,65.52766434148506,0.0,0.8493616911689997,0.8846153846153846,0.11538461538461539,8.881942908321822,87.0
pp_quantile_calibrated,HOUSEHOLD_2_459_WI_3,218.74339726534902,218.74339726534902,0.0,0.0,1.0,1.0,0.0,2.804402529042936,8.0
pp_quantile_calibrated,HOUSEHOLD_2_462_CA_4,283.76243600817617,283.76243600817617,0.0,0.0,1.0,1.0,0.0,3.6379799488227715,11.0
pp_quantile_calibrated,HOUSEHOLD_2_462_TX_2,204.67899069394147,191.1213413151197,13.557649378821765,0.0,0.7914207787873575,0.9615384615384616,0.038461538461538464,2.4502736066040987,13.0
pp_quantile_calibrated,HOUSEHOLD_2_465_CA_1,680.157483061091,644.7024207268701,35.45506233422104,0.0,0.9194203128767704,0.9487179487179487,0.05128205128205128,8.265415650344488,88.0
pp_quantile_calibrated,HOUSEHOLD_2_468_TX_2,468.2558016836563,423.19277426009853,45.06302742355777,0.0,0.7854141551259153,0.8974358974358975,0.10256410256410256,5.4255483879499815,42.0
pp_quantile_calibrated,HOUSEHOLD_2_470_WI_2,553.8127470730243,537.8202568445735,15.992490228450809,0.0,0.9273068625979509,0.9487179487179487,0.05128205128205128,6.895131498007352,44.0
pp_quantile_calibrated,HOUSEHOLD_2_475_CA_3,530.8265413859906,530.8265413859906,0.0,0.0,1.0,1.0,0.0,6.805468479307572,20.0
pp_quantile_calibrated,HOUSEHOLD_2_476_WI_2,358.2753534459338,336.3839329395791,21.89142050635469,0.0,0.7695639946699506,0.9487179487179487,0.05128205128205128,4.312614524866398,19.0
pp_quantile_calibrated,HOUSEHOLD_2_478_TX_2,185.7802135591146,176.59333754460533,9.186876014509275,0.0,0.8586634459306265,0.9743589743589743,0.02564102564102564,2.2640171480077607,13.0
pp_quantile_calibrated,HOUSEHOLD_2_480_TX_1,383.5100664438817,381.8078472466117,1.702219197270023,0.0,0.9773037440363997,0.9743589743589743,0.02564102564102564,4.894972400597585,15.0
pp_quantile_calibrated,HOUSEHOLD_2_483_TX_1,789.4893594437086,727.5041571424342,61.98520230127445,0.0,0.8734995871402562,0.9102564102564102,0.08974358974358974,9.326976373620951,98.0
pp_quantile_calibrated,HOUSEHOLD_2_488_WI_3,188.7638135569713,182.59089221818377,6.172921338787516,0.0,0.9118154094458927,0.9743589743589743,0.02564102564102564,2.3409088745920994,14.0
pp_quantile_calibrated,HOUSEHOLD_2_490_WI_1,716.0532029383097,592.5316190160812,123.52158392222854,0.0,0.8054778205949157,0.8589743589743589,0.14102564102564102,7.596559218154887,127.0
pp_quantile_calibrated,HOUSEHOLD_2_491_TX_3,529.9775370920365,503.6930446428952,26.28449244914136,0.0,0.8652077310300442,0.9358974358974359,0.0641025641025641,6.457603136447374,39.0
pp_quantile_calibrated,HOUSEHOLD_2_505_CA_4,240.93487066800094,240.93487066800094,0.0,0.0,1.0,1.0,0.0,3.0889085983077043,9.0
pp_quantile_calibrated,HOUSEHOLD_2_507_CA_1,852.6796790240322,823.5160778572762,29.163601166756088,0.0,0.9129444741290863,0.9230769230769231,0.07692307692307693,10.557898434067644,67.0
pp_quantile_calibrated,HOUSEHOLD_2_509_TX_1,317.5180608436035,315.2899968717171,2.228063971886405,0.0,0.9876218668228532,0.9871794871794872,0.01282051282051282,4.042179447073297,36.0
pp_quantile_calibrated,HOUSEHOLD_2_509_WI_1,247.6995900385819,246.7624536858165,0.9371363527653953,0.0,0.9765715911808651,0.9871794871794872,0.01282051282051282,3.1636212011002116,8.0
pp_quantile_calibrated,HOUSEHOLD_2_509_WI_2,181.2061679118687,177.51675215640233,3.6894157554663787,0.0,0.9472940606361947,0.9743589743589743,0.02564102564102564,2.275855796876953,14.0
pp_quantile_calibrated,HOUSEHOLD_2_510_CA_2,633.149523459943,619.6942557159488,13.45526774399426,0.0,0.9527885342315991,0.9743589743589743,0.02564102564102564,7.9447981502044716,57.0
